0.458845	0.424006	0.303108	0.244589	0.448854	0.526808	0.360222	0.3102	0.35591	0.484144	0.319139	0.233343	0.234154	0.190897	0.197898	0.345846	0.26845	0.258195	0.236965	0.385257	0.44274	0.343853	0.277863	0.213478	0.220946	0.223893	0.305588	0.242222	0.222524	0.142818	0.173432	0.20855	0.504468	0.339351	0.0191202	0.0665629	0.211028	0.292213	0.312867	0.199656	0.213119	0.260064	0.209194	0.203121	0.206593	0.270142	0.257352	0.292626	0.405555	0.386569	0.27117	0.201003	0.253289	0.169472	0.281252	0.282105	0.331119	0.326638	0.304053	0.345002	0.41249	0.335546	0.319784	0.370737	
0.450165	0.372234	0.198833	0.204981	0.477893	0.42703	0.288036	0.218376	0.319062	0.38801	0.332643	0.313116	0.210269	0.315193	0.241644	0.225252	0.290054	0.165987	0.295561	0.532729	0.390635	0.321345	0.403442	0.256939	0.224161	0.176042	0.304521	0.249207	0.180608	0.137451	0.182766	0.261986	0.358416	0.416284	0.138075	0.168497	0.274867	0.247229	0.24518	0.244443	0.24596	0.263316	0.247854	0.330686	0.235308	0.216569	0.239694	0.310198	0.325444	0.36253	0.237235	0.187437	0.289053	0.213898	0.195263	0.281039	0.306065	0.329488	0.268719	0.347048	0.396364	0.299756	0.35712	0.359993	
0.05449	0.285609	0.218376	0.125013	0.211903	0.199939	0.175118	0.16789	0.301593	0.229554	0.318688	0.250849	0.327258	0.308161	0.290061	0.26502	0.294816	0.244843	0.326677	0.37314	0.335396	0.196833	0.433519	0.375385	0.207215	0.291171	0.277176	0.235029	0.214367	0.0721625	0.182272	0.234621	0.293188	0.414153	0.163456	0.176727	0.188557	0.300441	0.307905	0.193849	0.239246	0.266299	0.266292	0.342721	0.187046	0.234003	0.308315	0.240214	0.234764	0.347996	0.338251	0.252515	0.24413	0.226604	0.234174	0.292614	0.344109	0.321826	0.352401	0.295418	0.336659	0.377931	0.329288	0.329985	
0.137476	0.14355	0.0406305	0.217576	0.124273	0.14224	0.0825666	0.145193	0.2317	0.227904	0.237109	0.194155	0.296275	0.290219	0.496303	0.330347	0.196848	0.367443	0.518057	0.291761	0.252714	0.655777	0.431187	0.23669	0.279036	0.324467	0.265165	0.232494	0.170988	0.170423	0.156822	0.266356	0.308908	0.40328	0.33049	0.156549	0.180674	0.324178	0.270659	0.210841	0.192214	0.306901	0.254925	0.269971	0.240233	0.250706	0.402258	0.286844	0.29877	0.361358	0.274621	0.198098	0.251928	0.155263	0.245878	0.295957	0.342671	0.38251	0.321373	0.445064	0.270674	0.399516	0.284863	0.275508	
0.0982075	0.106212	0.012887	0.232574	0.195335	0.15621	0.217893	0.151958	0.186903	0.242419	0.241886	0.172499	0.229078	0.304266	0.524301	0.265731	0.19259	0.397065	0.387148	0.263552	0.241359	0.542227	0.670265	0.255053	0.282805	0.306787	0.303699	0.391053	0.280445	0.209667	0.194573	0.172769	0.277364	0.402806	0.379579	0.248395	0.220767	0.215512	0.219702	0.22265	0.230289	0.318496	0.208198	0.156019	0.173092	0.305381	0.382303	0.280413	0.274608	0.362933	0.370089	0.280255	0.307708	0.289914	0.278392	0.248485	0.274123	0.269627	0.304996	0.262239	0.323073	0.397172	0.375597	0.326878	
0.293488	0.156142	0.0856442	0.0581073	0.231911	0.145268	0.193787	0.153162	0.182228	0.248438	0.225856	0.223128	0.217205	0.136079	0.606486	0.340923	0.179664	0.375934	0.272663	0.362343	0.308889	0.282375	0.656825	0.572956	0.250644	0.245821	0.366189	0.420938	0.313534	0.247003	0.203821	0.291199	0.387676	0.340369	0.269662	0.266005	0.251977	0.2484	0.286134	0.238349	0.258931	0.275166	0.253175	0.267865	0.24867	0.282324	0.405592	0.28764	0.225579	0.472331	0.334132	0.227538	0.228601	0.23885	0.244136	0.214932	0.266499	0.302979	0.355852	0.32461	0.306427	0.358495	0.385186	0.344532	
0.276623	0.351677	0.263921	0.193352	0.201409	0.24645	0.219748	0.296914	0.253011	0.264555	0.14736	0.152016	0.430054	0.382396	0.593468	0.459276	0.371925	0.491647	0.204449	0.308457	0.287583	0.35674	0.610539	0.663621	0.35065	0.254535	0.282962	0.403695	0.247135	0.195526	0.151876	0.243998	0.253267	0.273005	0.283715	0.219177	0.211291	0.292641	0.218923	0.268177	0.239597	0.265577	0.320962	0.316746	0.141253	0.237349	0.361578	0.30553	0.261315	0.332882	0.353745	0.315926	0.197335	0.220903	0.220134	0.231171	0.237733	0.355267	0.316826	0.347515	0.399089	0.380173	0.349446	0.361936	
0.248505	0.245132	0.390949	0.305856	0.199535	0.257095	0.258932	0.182431	0.149215	0.254338	0.233056	0.0857332	0.392673	0.606553	0.326763	0.447596	0.315854	0.231896	0.282759	0.260977	0.265583	0.407151	0.492051	0.517622	0.410731	0.209083	0.309912	0.343229	0.258941	0.182576	0.198346	0.223935	0.218296	0.215332	0.331492	0.315076	0.209711	0.230799	0.251345	0.202801	0.226404	0.225568	0.265485	0.255919	0.257113	0.189938	0.280626	0.362419	0.24505	0.366723	0.41814	0.250503	0.161246	0.218919	0.205499	0.296861	0.291951	0.279944	0.339371	0.311625	0.306484	0.339862	0.340438	0.366771	
0.279353	0.222967	0.268923	0.347874	0.228694	0.235862	0.285412	0.236968	0.213946	0.129164	0.184531	0.194397	0.364837	0.651393	0.175709	0.460022	0.443304	0.143687	0.206168	0.187241	0.292161	0.352408	0.423554	0.590408	0.407373	0.249805	0.308765	0.310508	0.223371	0.266121	0.182951	0.251379	0.22544	0.375687	0.410774	0.389082	0.304289	0.26743	0.254804	0.232087	0.23322	0.335236	0.288095	0.324432	0.300374	0.241377	0.267474	0.350832	0.34461	0.361203	0.388036	0.288519	0.204514	0.246231	0.264288	0.234827	0.170641	0.223654	0.287867	0.289643	0.302979	0.419185	0.332222	0.328727	
0.325565	0.228483	0.294471	0.300424	0.229531	0.20926	0.248046	0.297612	0.221779	0.228018	0.217886	0.150476	0.422951	0.576811	0.329713	0.548204	0.414107	0.0580676	0.104791	0.193036	0.255126	0.411407	0.31973	0.447334	0.727849	0.509777	0.244138	0.344866	0.369533	0.291162	0.25318	0.22805	0.204261	0.293083	0.477278	0.457346	0.340973	0.211779	0.283904	0.391323	0.339871	0.353984	0.349145	0.259182	0.239682	0.211031	0.327455	0.399614	0.26851	0.40944	0.356337	0.284447	0.182377	0.259777	0.21927	0.235001	0.22934	0.194165	0.250157	0.281932	0.32525	0.409929	0.427459	0.32838	
0.36623	0.420094	0.250753	0.239695	0.210617	0.242867	0.254898	0.203246	0.284498	0.324214	0.230499	0.110691	0.259595	0.447297	0.278485	0.425622	0.400711	0.184465	0.134553	0.206394	0.304104	0.328286	0.407896	0.356316	0.667952	0.478015	0.242429	0.331285	0.314978	0.350613	0.271456	0.241236	0.166553	0.243087	0.322144	0.412662	0.355731	0.292731	0.303321	0.310191	0.365066	0.227581	0.285074	0.335577	0.280474	0.219517	0.235927	0.364286	0.333178	0.427498	0.266944	0.213082	0.247563	0.257881	0.227598	0.264186	0.194112	0.234649	0.230418	0.242112	0.274207	0.353438	0.375924	0.385491	
0.25803	0.404156	0.285877	0.257548	0.213883	0.240396	0.144355	0.19466	0.281628	0.207516	0.190511	0.0875164	0.292381	0.493554	0.338769	0.511901	0.373647	0.245858	0.197542	0.211633	0.266262	0.355331	0.373628	0.343918	0.605935	0.453348	0.257991	0.225908	0.250852	0.375942	0.384959	0.235821	0.285202	0.242853	0.311504	0.407035	0.350413	0.330441	0.281477	0.316264	0.340832	0.374737	0.364781	0.331694	0.348262	0.290684	0.274101	0.337612	0.362524	0.414896	0.343209	0.212533	0.278529	0.328312	0.300821	0.304016	0.240511	0.225407	0.273401	0.208812	0.232515	0.32978	0.314529	0.407245	
0.305469	0.292214	0.295172	0.225181	0.276535	0.419696	0.24224	0.244961	0.208981	0.22835	0.163697	0.08952	0.131246	0.638782	0.45501	0.317603	0.394943	0.197478	0.220316	0.275734	0.32732	0.37976	0.339403	0.346819	0.58027	0.44599	0.328769	0.327555	0.251133	0.292649	0.328871	0.405991	0.277096	0.214335	0.174631	0.263537	0.397772	0.388869	0.368843	0.399064	0.273143	0.345648	0.400646	0.331016	0.283037	0.278088	0.313289	0.373928	0.350977	0.398107	0.373061	0.287212	0.24536	0.276182	0.356645	0.29018	0.221874	0.206624	0.246116	0.251706	0.233434	0.349012	0.330368	0.354838	
0.308955	0.344956	0.335768	0.270268	0.306518	0.330612	0.349987	0.277397	0.215124	0.170396	0.167739	0.193019	0.0623599	0.605406	0.661954	0.289787	0.207947	0.226865	0.26289	0.173505	0.158056	0.308789	0.464973	0.294279	0.501395	0.414283	0.260728	0.267932	0.289044	0.301098	0.37389	0.400629	0.353056	0.2718	0.305603	0.321659	0.181558	0.37048	0.401611	0.340909	0.344119	0.388697	0.319581	0.383693	0.332431	0.308514	0.310801	0.24477	0.372338	0.344766	0.330945	0.287901	0.30894	0.266021	0.300746	0.357276	0.240712	0.213516	0.27189	0.208791	0.242235	0.271422	0.322725	0.317925	
0.273076	0.376249	0.377078	0.291491	0.349068	0.282348	0.279272	0.277017	0.277626	0.18143	0.227477	0.123784	0.0505091	0.679404	0.767309	0.251224	0.259314	0.230765	0.144639	0.21688	0.155649	0.308539	0.469147	0.434903	0.445784	0.373405	0.229961	0.330169	0.321641	0.319301	0.314217	0.275853	0.379575	0.339262	0.294384	0.265168	0.3066	0.251001	0.425904	0.343216	0.339389	0.355531	0.305119	0.313404	0.390225	0.230015	0.290762	0.19403	0.350332	0.42486	0.400633	0.357266	0.29463	0.23888	0.259444	0.372441	0.320317	0.233793	0.31546	0.342847	0.182983	0.310118	0.284491	0.33875	
0.173929	0.280018	0.353698	0.374298	0.29925	0.223383	0.283884	0.233395	0.258129	0.275508	0.238978	0.247088	0.082813	0.66733	0.641834	0.270455	0.272036	0.2499	0.229841	0.258625	0.183897	0.248907	0.259408	0.573573	0.615798	0.360045	0.275224	0.362693	0.386138	0.401862	0.385156	0.28764	0.342984	0.325278	0.209289	0.243612	0.291692	0.233459	0.462731	0.672824	0.374834	0.206933	0.265564	0.418022	0.452845	0.264604	0.22049	0.233474	0.271368	0.385078	0.359712	0.3255	0.29916	0.245171	0.309959	0.308644	0.296241	0.168574	0.236796	0.32038	0.294099	0.254998	0.230395	0.312127	
0.314699	0.242017	0.325103	0.372409	0.306349	0.2645	0.286371	0.268656	0.244939	0.257501	0.299454	0.281845	0.0933218	0.697345	0.722402	0.367496	0.165495	0.179552	0.337829	0.310554	0.263662	0.244004	0.357665	0.665455	0.358826	0.356359	0.248699	0.435323	0.448764	0.462608	0.441599	0.293487	0.340319	0.266292	0.249364	0.260902	0.240362	0.145714	0.322441	0.676763	0.519386	0.161807	0.231356	0.603727	0.566639	0.305613	0.162622	0.148361	0.326805	0.323166	0.264233	0.23081	0.268938	0.206273	0.385847	0.303065	0.290844	0.352887	0.305914	0.266751	0.255897	0.257625	0.209345	0.235298	
0.276079	0.369336	0.337026	0.247096	0.293342	0.324727	0.303492	0.295554	0.212144	0.263505	0.214778	0.411105	0.111546	0.726336	0.614472	0.368884	0.140319	0.0977135	0.211178	0.378137	0.273234	0.2306	0.395368	0.517123	0.270608	0.342236	0.467138	0.333857	0.394577	0.34883	0.400682	0.333041	0.299583	0.267252	0.330627	0.261657	0.294606	0.210612	0.232004	0.381448	0.478003	0.302334	0.491388	0.474065	0.699962	0.393104	0.195907	0.278467	0.338154	0.20828	0.186265	0.267985	0.233343	0.241442	0.30537	0.343638	0.253747	0.309902	0.274319	0.303083	0.281675	0.223349	0.2871	0.294537	
0.29769	0.209233	0.362412	0.311424	0.240856	0.296402	0.240469	0.317138	0.243289	0.235229	0.403289	0.682924	0.210259	0.654279	0.598743	0.44578	0.288581	0.151079	0.23176	0.303726	0.242261	0.178925	0.338819	0.451287	0.326003	0.336197	0.251234	0.49307	0.594337	0.365179	0.332155	0.365501	0.379754	0.264331	0.258974	0.361611	0.404092	0.401892	0.19637	0.414095	0.555606	0.363218	0.530213	0.498619	0.526671	0.471769	0.417531	0.301909	0.242163	0.194992	0.17857	0.193555	0.22493	0.165238	0.190581	0.294858	0.348108	0.335387	0.299503	0.298784	0.295841	0.282533	0.221663	0.276951	
0.296015	0.324697	0.291772	0.329891	0.327419	0.202253	0.285724	0.291518	0.346215	0.19004	0.525499	0.705676	0.259848	0.645856	0.658568	0.389209	0.178785	0.257478	0.268719	0.313243	0.331767	0.203483	0.342678	0.45183	0.350867	0.317437	0.273464	0.600698	0.646711	0.349281	0.160741	0.279982	0.394679	0.328862	0.328539	0.438133	0.398322	0.359708	0.201162	0.384241	0.650405	0.510089	0.513512	0.427111	0.374565	0.434101	0.329752	0.247448	0.224335	0.234362	0.158148	0.163938	0.239705	0.302039	0.293635	0.194552	0.319964	0.419407	0.361124	0.367336	0.22324	0.363691	0.253749	0.313397	
0.3244	0.293422	0.340846	0.305403	0.270455	0.260875	0.248343	0.318469	0.362887	0.213428	0.530516	0.726693	0.24078	0.660421	0.847146	0.323459	0.221113	0.255418	0.297663	0.311669	0.265276	0.420577	0.342505	0.31957	0.286823	0.258338	0.607528	0.764738	0.359572	0.304911	0.16029	0.296491	0.460906	0.297763	0.409364	0.479812	0.372614	0.317119	0.229057	0.334463	0.557942	0.562282	0.512853	0.342604	0.365931	0.422027	0.421956	0.214468	0.259123	0.288703	0.261269	0.424814	0.406981	0.631129	0.247576	0.20526	0.219995	0.231038	0.430827	0.380665	0.322254	0.303662	0.34767	0.275236	
0.313977	0.359587	0.293424	0.352836	0.292968	0.227005	0.2261	0.343211	0.266487	0.20633	0.50215	0.575287	0.379388	0.599079	0.767	0.324281	0.269706	0.342704	0.393629	0.341199	0.45874	0.524331	0.251939	0.208692	0.370293	0.386149	0.537451	0.431641	0.154535	0.372987	0.283951	0.416827	0.557187	0.263043	0.317019	0.553495	0.387661	0.324573	0.266162	0.223781	0.410511	0.607089	0.645622	0.522662	0.470687	0.587465	0.574864	0.470207	0.530624	0.597003	0.628474	0.668588	0.703923	0.503789	0.161062	0.211627	0.215563	0.245062	0.468103	0.261887	0.315725	0.2864	0.196333	0.247783	
0.432147	0.323471	0.288081	0.352509	0.309195	0.252641	0.186092	0.281062	0.0973673	0.529924	0.992134	0.441959	0.599569	0.553381	0.633243	0.453062	0.354055	0.241867	0.364322	0.454995	0.390591	0.508476	0.211868	0.25244	0.27837	0.43047	0.532531	0.311171	0.289535	0.523975	0.488773	0.265189	0.360913	0.269805	0.450006	0.535895	0.379488	0.245803	0.265569	0.248183	0.322367	0.564896	0.679845	0.595119	0.594397	0.66559	0.5403	0.641369	0.661053	0.682552	0.638136	0.649937	0.367863	0.286457	0.476284	0.232386	0.218162	0.365918	0.437623	0.226756	0.205013	0.230189	0.154682	0.306377	
0.58561	0.475469	0.476968	0.478701	0.473574	0.438531	0.48447	0.439597	0.384336	0.569346	0.770833	0.736121	0.550865	0.362637	0.602629	0.594816	0.539556	0.465607	0.393996	0.433009	0.413065	0.544229	0.430802	0.364612	0.33661	0.419038	0.678764	0.481189	0.583723	0.438744	0.290111	0.338843	0.35785	0.451579	0.464314	0.546744	0.531236	0.332473	0.442207	0.368185	0.393634	0.538109	0.591732	0.660201	0.677771	0.672227	0.574649	0.647167	0.682571	0.767735	0.766717	0.453073	0.272967	0.226508	0.375346	0.311207	0.30388	0.387642	0.372183	0.214965	0.144218	0.171877	0.111046	0.318081	
0.416623	0.639342	0.565651	0.566294	0.599785	0.526442	0.546007	0.524563	0.615204	0.62054	0.33539	0.613481	0.404129	0.292772	0.477227	0.484785	0.547421	0.613151	0.548436	0.460006	0.546984	0.476225	0.518818	0.503285	0.516258	0.508531	0.448214	0.502882	0.5818	0.238236	0.198101	0.34411	0.55436	0.535	0.41405	0.454843	0.469796	0.393495	0.483306	0.561088	0.375765	0.589099	0.70876	0.612475	0.573234	0.611116	0.632355	0.686416	0.705524	0.734599	0.424877	0.2168	0.24685	0.23752	0.203084	0.285407	0.38069	0.2112	0.357916	0.327727	0.245833	0.28129	0.26704	0.316775	
0.398757	0.490418	0.49568	0.596389	0.477315	0.462231	0.468988	0.458541	0.685859	0.769875	0.505353	0.471746	0.378462	0.290863	0.379812	0.45112	0.433945	0.475356	0.570557	0.597163	0.627412	0.429729	0.352384	0.410681	0.341556	0.557111	0.542377	0.348721	0.331175	0.262117	0.345883	0.404959	0.463489	0.500883	0.279535	0.297208	0.338697	0.380941	0.320873	0.260569	0.286073	0.592879	0.638855	0.568277	0.647085	0.634324	0.659826	0.75474	0.670398	0.329761	0.126542	0.252322	0.282234	0.2143	0.270845	0.243171	0.25713	0.244054	0.232842	0.301544	0.309964	0.328988	0.18899	0.190245	
0.454856	0.537488	0.438972	0.435131	0.522562	0.480579	0.444639	0.481925	0.725933	0.6763	0.559302	0.567639	0.450827	0.230368	0.581551	0.626592	0.250689	0.380433	0.744463	0.860357	0.64736	0.444284	0.394226	0.386932	0.379745	0.644056	0.622031	0.35736	0.256496	0.146972	0.358189	0.448709	0.531097	0.405857	0.351603	0.170779	0.298574	0.378136	0.227592	0.251549	0.606693	0.591874	0.594251	0.584847	0.590306	0.60165	0.66733	0.648219	0.442213	0.357597	0.581871	0.496445	0.495753	0.34039	0.505723	0.367593	0.163093	0.369453	0.181837	0.139579	0.243761	0.323498	0.280203	0.26215	
0.302389	0.516679	0.492679	0.443713	0.542267	0.5384	0.52052	0.381536	0.696839	0.7281	0.588257	0.609749	0.542135	0.416375	0.560259	0.381419	0.238794	0.471464	0.700707	0.615411	0.379897	0.458779	0.476388	0.407473	0.463723	0.573549	0.569465	0.453405	0.337471	0.199184	0.285106	0.40497	0.523741	0.487254	0.390298	0.282727	0.335205	0.250947	0.224085	0.5104	0.68072	0.655464	0.632164	0.619801	0.588783	0.695438	0.729794	0.376247	0.350818	0.66196	0.416858	0.365503	0.437771	0.384072	0.308604	0.213201	0.238252	0.368468	0.397282	0.171787	0.2199	0.130071	0.220053	0.212869	
0.254716	0.423424	0.542995	0.427694	0.523173	0.506148	0.529323	0.467362	0.604457	0.790672	0.642492	0.592133	0.599481	0.521988	0.300936	0.0938654	0.588762	0.905086	0.734691	0.230046	0.152585	0.360281	0.589153	0.447666	0.406724	0.674882	0.556488	0.46714	0.376829	0.183677	0.304741	0.30673	0.625498	0.500201	0.342719	0.262269	0.309564	0.208434	0.480254	0.593894	0.699796	0.661307	0.585445	0.569109	0.640256	0.676565	0.575496	0.098406	0.302662	0.380034	0.107406	0.0622804	0.441276	0.445031	0.0455302	0.125664	0.338826	0.162524	0.327164	0.446291	0.166646	0.19127	0.24068	0.293087	
0.416574	0.498667	0.445782	0.467954	0.437337	0.426722	0.405004	0.548497	0.631461	0.516435	0.494311	0.368943	0.428175	0.416256	0.27963	0.608379	0.947653	0.603293	0.201192	0.250341	0.234075	0.291326	0.431045	0.438049	0.443844	0.640707	0.53558	0.423915	0.292534	0.249123	0.38274	0.483048	0.692108	0.484166	0.323639	0.305361	0.235273	0.193216	0.430276	0.362591	0.454884	0.312325	0.44778	0.391204	0.357537	0.384437	0.271544	0.138839	0.2928	0.189185	0.246326	0.211796	0.492635	0.274642	0.130599	0.239063	0.284537	0.15576	0.223351	0.345827	0.233604	0.237719	0.30394	0.242433	
0.369691	0.628186	0.468926	0.460878	0.505779	0.471963	0.398475	0.576395	0.645026	0.62899	0.453731	0.507647	0.454994	0.242942	0.71144	0.901317	0.618524	0.115959	0.162126	0.246423	0.219482	0.334066	0.194282	0.373076	0.580986	0.493042	0.496135	0.243512	0.278081	0.201361	0.172937	0.380585	0.527916	0.509628	0.307907	0.14891	0.302253	0.190392	0.239578	0.336375	0.337705	0.428633	0.37566	0.394626	0.3549	0.441554	0.250521	0.187317	0.345131	0.276652	0.250091	0.236478	0.448408	0.291813	0.154114	0.309972	0.36337	0.121473	0.260141	0.319046	0.179168	0.211646	0.172016	0.265126	
0.536672	0.63465	0.51211	0.470623	0.53131	0.444764	0.398544	0.529016	0.82099	0.818813	0.77538	0.742655	0.507598	0.572028	0.912551	0.500239	0.261677	0.164678	0.242979	0.3199	0.222308	0.188336	0.340831	0.214049	0.372665	0.555284	0.617158	0.333561	0.315629	0.434648	0.122315	0.263897	0.720379	0.549993	0.352599	0.184438	0.2636	0.185789	0.44379	0.453719	0.525067	0.49755	0.461606	0.512257	0.508434	0.440679	0.503892	0.568372	0.550438	0.573442	0.747563	0.896018	0.674448	0.517022	0.503558	0.410959	0.519886	0.351585	0.344983	0.434413	0.297663	0.24068	0.280611	0.271791	
0.409804	0.579627	0.402323	0.342261	0.254831	0.33581	0.168325	0.433063	0.844981	0.574652	0.831575	0.426151	0.692484	0.865187	0.372737	0.138692	0.271761	0.241994	0.202102	0.268974	0.203419	0.151982	0.181426	0.27449	0.246032	0.173718	0.540116	0.53329	0.294904	0.313631	0.200992	0.372755	0.653741	0.514192	0.279537	0.180876	0.222874	0.511759	0.644708	0.612257	0.583449	0.639367	0.603305	0.646544	0.651236	0.658606	0.643845	0.7904	0.472715	0.515429	0.481758	0.419682	0.397993	0.365286	0.344489	0.262341	0.189756	0.268725	0.242229	0.229207	0.299776	0.211037	0.277726	0.23965	
0.317236	0.371076	0.349977	0.243579	0.193973	0.11629	0.303466	0.677496	0.680814	0.236118	0.59138	0.725232	0.800934	0.338507	0.174133	0.210423	0.259086	0.272875	0.294185	0.302589	0.297182	0.355299	0.30881	0.353263	0.36673	0.284208	0.468045	0.602787	0.359298	0.291286	0.223726	0.586918	0.471737	0.304911	0.251038	0.109671	0.194569	0.671839	0.517448	0.673646	0.735823	0.710276	0.746267	0.758271	0.697421	0.755526	0.643267	0.827016	0.826652	0.660595	0.394032	0.213975	0.276514	0.344334	0.257389	0.311312	0.149274	0.159944	0.149337	0.17741	0.287882	0.333706	0.217502	0.271743	
0.281332	0.259202	0.28715	0.275485	0.285694	0.423884	0.572845	0.567119	0.430393	0.106013	0.555654	0.754485	0.196282	0.180718	0.281551	0.271386	0.263457	0.287539	0.22186	0.256156	0.314083	0.172637	0.279066	0.31186	0.218954	0.367384	0.158336	0.447117	0.324123	0.45176	0.574036	0.342523	0.304646	0.303775	0.273897	0.239641	0.139845	0.505245	0.49749	0.428611	0.78648	0.912111	0.860448	0.797581	0.81131	0.71722	0.751169	0.678463	0.833239	0.87615	0.805943	0.801008	0.624336	0.633047	0.337994	0.396262	0.717181	0.347726	0.304826	0.393462	0.199365	0.446041	0.489539	0.301999	
0.285847	0.248277	0.254397	0.496041	0.669189	0.555847	0.427958	0.462284	0.395649	0.194409	0.438853	0.192607	0.0708931	0.178331	0.207336	0.257825	0.214158	0.279875	0.193869	0.28728	0.264911	0.177554	0.161456	0.190338	0.183715	0.26206	0.155396	0.232898	0.155658	0.521318	0.406284	0.253247	0.331824	0.207609	0.214772	0.209547	0.128177	0.327131	0.435254	0.445142	0.803569	0.473815	0.570291	0.868837	0.811523	0.734616	0.645755	0.685483	0.690242	0.643132	0.714782	0.833981	0.922161	0.748783	0.30194	0.292283	0.722637	0.423043	0.231098	0.210414	0.113541	0.33582	0.640585	0.346014	
0.359402	0.316428	0.304218	0.540878	0.511859	0.398429	0.410083	0.389305	0.376498	0.226348	0.171637	0.131794	0.148155	0.183593	0.108074	0.11795	0.160157	0.195365	0.177111	0.288845	0.198533	0.0725727	0.262089	0.224338	0.181194	0.236805	0.104547	0.465431	0.455079	0.409947	0.270395	0.317996	0.449458	0.437732	0.206178	0.143563	0.150078	0.141694	0.290855	0.374167	0.316009	0.204074	0.129074	0.366209	0.747445	0.76431	0.709949	0.738242	0.673158	0.572963	0.69228	0.757021	0.579507	0.528715	0.251303	0.128426	0.279034	0.371673	0.497745	0.330854	0.169717	0.151942	0.3823	0.259635	
0.432739	0.241078	0.280824	0.483414	0.367742	0.349081	0.304269	0.375877	0.293885	0.145457	0.231637	0.254895	0.43931	0.278901	0.353295	0.245481	0.207651	0.34196	0.240581	0.426574	0.447835	0.270894	0.325581	0.347728	0.300611	0.38082	0.35257	0.54507	0.520141	0.401531	0.232631	0.245211	0.384788	0.301744	0.232309	0.162388	0.153684	0.283627	0.393707	0.401421	0.316623	0.297088	0.0910598	0.216476	0.616258	0.613986	0.551404	0.539359	0.536991	0.702164	0.684739	0.63707	0.386718	0.232799	0.372697	0.166174	0.204943	0.318318	0.285066	0.131314	0.217485	0.477414	0.492013	0.277819	
0.267689	0.224886	0.222902	0.264947	0.214899	0.24775	0.403952	0.518894	0.306367	0.237326	0.183115	0.542115	0.58594	0.319288	0.653111	0.374216	0.349101	0.582783	0.532452	0.512656	0.533747	0.579797	0.591215	0.536599	0.523434	0.560167	0.549138	0.525072	0.491897	0.176563	0.263694	0.241417	0.332003	0.382542	0.315343	0.383041	0.225084	0.225522	0.311546	0.396242	0.476962	0.191327	0.208558	0.605564	0.569356	0.568309	0.575636	0.537917	0.751568	0.692053	0.495915	0.449306	0.34926	0.440078	0.683819	0.542039	0.422317	0.275007	0.0445657	0.367532	0.724792	0.638031	0.43091	0.383802	
0.162639	0.355767	0.261665	0.247534	0.308363	0.315503	0.437151	0.421211	0.38573	0.235952	0.265831	0.322021	0.305725	0.51167	0.669418	0.28573	0.191861	0.461965	0.375436	0.403156	0.365589	0.352278	0.74723	0.763819	0.43508	0.329638	0.264236	0.173627	0.209866	0.342665	0.443095	0.271634	0.246864	0.359605	0.32333	0.349404	0.49223	0.337391	0.306984	0.339228	0.283728	0.274212	0.49701	0.497509	0.301937	0.428307	0.562186	0.709625	0.706693	0.638644	0.511207	0.371775	0.652924	0.6927	0.695326	0.703266	0.620636	0.407542	0.238269	0.708957	0.729926	0.617256	0.604954	0.464017	
0.377316	0.357805	0.292066	0.284081	0.291002	0.315811	0.401402	0.21595	0.251299	0.15165	0.234321	0.18996	0.415452	0.369195	0.480788	0.3093	0.306362	0.335549	0.254753	0.221867	0.300112	0.109828	0.503525	0.682389	0.295083	0.272443	0.136241	0.143349	0.217373	0.346899	0.376524	0.439895	0.322387	0.231833	0.243836	0.360279	0.527506	0.5207	0.341297	0.293349	0.190854	0.306407	0.567526	0.379556	0.38524	0.413971	0.521101	0.457234	0.547719	0.725051	0.453093	0.471823	0.743969	0.633504	0.489214	0.600292	0.687887	0.423541	0.468235	0.737252	0.653287	0.478638	0.350612	0.531889	
0.49927	0.288116	0.39163	0.516202	0.322807	0.240556	0.448489	0.20052	0.229331	0.176839	0.0980296	0.314603	0.389366	0.326354	0.292541	0.497569	0.384358	0.23424	0.284878	0.237523	0.206914	0.301876	0.244437	0.37778	0.338036	0.260852	0.280084	0.211409	0.168361	0.283929	0.252106	0.241551	0.392418	0.237485	0.419022	0.539159	0.323345	0.214835	0.27597	0.142917	0.131954	0.24746	0.45705	0.520682	0.345055	0.48072	0.468559	0.303775	0.311983	0.560282	0.663519	0.609808	0.684202	0.409725	0.298092	0.138509	0.538662	0.579971	0.437855	0.556602	0.372966	0.214538	0.0317794	0.233972	
0.274977	0.299192	0.473961	0.443644	0.249023	0.479206	0.314689	0.278719	0.273361	0.322365	0.352764	0.438899	0.373111	0.271643	0.355639	0.473581	0.391623	0.187571	0.201337	0.203785	0.19551	0.312896	0.311775	0.337769	0.294973	0.323579	0.224915	0.235501	0.275826	0.380144	0.246144	0.366082	0.218707	0.459303	0.586501	0.36232	0.213268	0.214674	0.417914	0.332677	0.383165	0.460581	0.460163	0.364749	0.300756	0.456104	0.438534	0.364311	0.455474	0.510835	0.607706	0.667761	0.446131	0.294415	0.334688	0.287231	0.28986	0.649441	0.658969	0.27787	0.19242	0.278722	0.183418	0.176967	
0.36515	0.504717	0.455707	0.347185	0.48236	0.296499	0.159929	0.365161	0.23009	0.201474	0.545174	0.399591	0.151805	0.255502	0.458685	0.428229	0.386246	0.241076	0.166324	0.168859	0.182844	0.306608	0.273489	0.27563	0.309027	0.224581	0.206143	0.306731	0.547235	0.40036	0.374944	0.40211	0.338069	0.502169	0.24863	0.167019	0.28326	0.422603	0.424705	0.37553	0.319886	0.348109	0.374969	0.31487	0.242314	0.378715	0.156111	0.32971	0.351814	0.5713	0.592801	0.461971	0.37857	0.286385	0.275389	0.297007	0.381321	0.39109	0.411481	0.276882	0.2501	0.233258	0.159073	0.217896	
0.66759	0.540485	0.512027	0.483241	0.386232	0.244389	0.288046	0.414897	0.354755	0.539264	0.490982	0.322032	0.316587	0.434222	0.518731	0.383616	0.41713	0.242207	0.167618	0.150932	0.114969	0.156675	0.187435	0.278963	0.305819	0.47038	0.51131	0.527542	0.476104	0.19939	0.200292	0.324664	0.515322	0.324137	0.145449	0.291582	0.488645	0.401892	0.214304	0.301602	0.308089	0.414099	0.41409	0.391874	0.344811	0.381779	0.260462	0.274908	0.343363	0.538447	0.633016	0.428003	0.396669	0.532132	0.395794	0.355395	0.369554	0.312419	0.446457	0.26559	0.234336	0.203315	0.215745	0.290578	
0.495806	0.351138	0.430229	0.459912	0.336537	0.461097	0.536413	0.634343	0.640706	0.597702	0.433482	0.362428	0.387148	0.294702	0.330629	0.267036	0.197217	0.244314	0.224959	0.238999	0.141266	0.264624	0.293532	0.312324	0.469296	0.440807	0.574143	0.654424	0.441861	0.279739	0.194967	0.497558	0.299206	0.196727	0.223302	0.36767	0.247154	0.34773	0.271752	0.241337	0.265407	0.493214	0.448523	0.2869	0.350589	0.400814	0.392726	0.455684	0.535648	0.603987	0.628281	0.584064	0.526844	0.510443	0.293466	0.324172	0.275491	0.363092	0.467927	0.294971	0.166135	0.253889	0.207339	0.234293	
0.0781149	0.297241	0.426182	0.411451	0.318537	0.411254	0.64364	0.512355	0.382788	0.427781	0.312218	0.36853	0.323627	0.245596	0.435728	0.518913	0.476021	0.499074	0.425195	0.600453	0.433118	0.48154	0.516277	0.510823	0.548525	0.367055	0.475194	0.453106	0.464883	0.675591	0.513396	0.275987	0.432073	0.437656	0.396953	0.359053	0.323929	0.26059	0.182775	0.202896	0.29285	0.379244	0.444799	0.35638	0.36811	0.438357	0.358066	0.423168	0.446528	0.36404	0.423166	0.461572	0.34974	0.328005	0.190157	0.311359	0.318272	0.261588	0.402101	0.275856	0.205162	0.143105	0.204868	0.379126	
0.116935	0.248971	0.397749	0.340684	0.438095	0.603414	0.562387	0.543896	0.511942	0.40397	0.433755	0.414321	0.352863	0.264467	0.393117	0.55543	0.634274	0.531673	0.363813	0.548491	0.528762	0.394419	0.414244	0.667151	0.468738	0.240124	0.269077	0.552875	0.434742	0.42548	0.507558	0.485952	0.462313	0.563831	0.431058	0.344541	0.240541	0.240649	0.268944	0.264118	0.201509	0.291688	0.382083	0.435307	0.403725	0.371539	0.234561	0.323866	0.473241	0.417036	0.349998	0.396507	0.471159	0.438047	0.489045	0.415254	0.357429	0.369988	0.386958	0.343561	0.3885	0.267377	0.32225	0.426855	
0.195332	0.121035	0.339604	0.579018	0.719146	0.728502	0.467447	0.458056	0.469942	0.357128	0.459319	0.380208	0.447629	0.385934	0.395867	0.434373	0.574824	0.292921	0.0932197	0.342057	0.567872	0.418503	0.473706	0.668039	0.406518	0.179344	0.255581	0.54912	0.552292	0.521304	0.524072	0.476446	0.340927	0.306004	0.33253	0.489543	0.294271	0.254773	0.314511	0.116915	0.0208665	0.217876	0.389146	0.372194	0.39528	0.420248	0.269928	0.369874	0.420938	0.627582	0.529729	0.300575	0.490788	0.549479	0.502024	0.524887	0.518002	0.402342	0.256155	0.433066	0.449206	0.357897	0.433735	0.348855	
0.107922	0.0448503	0.418778	0.413418	0.511458	0.559286	0.521221	0.450764	0.372315	0.486031	0.343481	0.380309	0.340515	0.352704	0.257917	0.284037	0.409248	0.337041	0.151652	0.328815	0.506704	0.490809	0.565784	0.533019	0.262446	0.219602	0.200556	0.295966	0.614986	0.503816	0.438068	0.423974	0.246861	0.207921	0.323964	0.403505	0.473924	0.318777	0.322354	0.231537	0.116964	0.225472	0.481283	0.433092	0.445022	0.364867	0.279356	0.275097	0.154994	0.111023	0.406367	0.356494	0.246909	0.0754023	0.168174	0.300341	0.350781	0.296789	0.207584	0.225827	0.156948	0.192788	0.219274	0.434042	
0.0713151	0.11897	0.37711	0.234002	0.408686	0.680856	0.388025	0.500075	0.417652	0.36831	0.321584	0.316215	0.32575	0.306196	0.288376	0.259819	0.298983	0.222046	0.176401	0.179209	0.539964	0.520783	0.497731	0.430047	0.290701	0.187415	0.262123	0.232652	0.262211	0.422968	0.43532	0.312082	0.283751	0.25752	0.289929	0.250244	0.451035	0.400552	0.315101	0.134333	0.127403	0.177557	0.4076	0.448468	0.410469	0.47182	0.299714	0.293113	0.196766	0.137552	0.297605	0.469742	0.312138	0.0770079	0.24785	0.196424	0.212755	0.411415	0.484782	0.22791	0.261327	0.333303	0.282576	0.540225	
0.13348	0.0816047	0.296699	0.262167	0.410251	0.699407	0.456597	0.399787	0.412565	0.314299	0.389914	0.415224	0.351005	0.316128	0.306764	0.352914	0.220123	0.157718	0.231124	0.18376	0.317278	0.650846	0.438274	0.269183	0.231211	0.231666	0.310205	0.221629	0.191833	0.403715	0.357284	0.306781	0.341867	0.379107	0.357692	0.182473	0.217896	0.279788	0.244277	0.220943	0.161932	0.285674	0.382799	0.459868	0.458231	0.403066	0.322623	0.353537	0.20973	0.236444	0.251828	0.464234	0.30727	0.178446	0.221499	0.186902	0.129226	0.350942	0.413939	0.177354	0.219212	0.368339	0.294789	0.563101	
0.156153	0.182609	0.375923	0.264493	0.296854	0.544866	0.340695	0.512024	0.467452	0.335018	0.500816	0.331751	0.302091	0.303382	0.338815	0.305535	0.249736	0.142565	0.184712	0.24639	0.244985	0.343879	0.504694	0.262522	0.215567	0.210053	0.192836	0.23506	0.18263	0.370658	0.291917	0.381042	0.392127	0.301553	0.2325	0.236953	0.308499	0.31686	0.221949	0.233517	0.245287	0.299271	0.435633	0.467793	0.445484	0.462779	0.316105	0.275524	0.181975	0.170424	0.188982	0.422004	0.358336	0.24334	0.256324	0.237888	0.159051	0.317958	0.320013	0.158553	0.310454	0.351073	0.545224	0.67732	
0.157597	0.219461	0.303769	0.226454	0.345568	0.458907	0.297726	0.408524	0.377464	0.277505	0.447984	0.294224	0.320517	0.414968	0.316232	0.340122	0.233165	0.214889	0.310496	0.377037	0.407894	0.312215	0.233027	0.398544	0.266594	0.120813	0.0469028	0.209395	0.275839	0.444246	0.245487	0.254721	0.485607	0.28487	0.270689	0.211757	0.228969	0.27101	0.29151	0.202406	0.0807484	0.308923	0.420866	0.422469	0.47647	0.466968	0.364268	0.273592	0.238833	0.231917	0.303002	0.469511	0.282331	0.190181	0.226087	0.302809	0.264678	0.45679	0.24495	0.126991	0.38611	0.509977	0.557466	0.647308	
0.164679	0.252327	0.270346	0.293331	0.437659	0.43243	0.286088	0.370234	0.422614	0.357813	0.370301	0.301334	0.42525	0.254717	0.342083	0.40206	0.256955	0.518587	0.363673	0.540941	0.63976	0.22798	0.0669503	0.333395	0.197002	0.359251	0.208714	0.204148	0.31346	0.370395	0.257974	0.100403	0.349119	0.31598	0.234607	0.217	0.218569	0.282784	0.278252	0.198031	0.167188	0.352461	0.215426	0.365654	0.437244	0.390332	0.276528	0.241173	0.209167	0.215804	0.27873	0.524825	0.283369	0.234414	0.238745	0.417651	0.43677	0.435722	0.224053	0.156849	0.728339	0.556472	0.517476	0.839609	
0.180977	0.255663	0.239191	0.266244	0.465258	0.437202	0.245769	0.303959	0.425687	0.245091	0.324576	0.383684	0.34454	0.29457	0.302354	0.346838	0.38445	0.321863	0.468421	0.515336	0.428231	0.242005	0.142728	0.111738	0.260635	0.363634	0.249917	0.164752	0.125789	0.246534	0.136137	0.213518	0.329811	0.329499	0.117735	0.258224	0.24685	0.287713	0.211498	0.178356	0.122984	0.273678	0.152618	0.20392	0.481245	0.412089	0.357487	0.254096	0.229219	0.281964	0.423377	0.560385	0.300411	0.158427	0.356841	0.526555	0.502048	0.474141	0.258045	0.232001	0.66247	0.559482	0.719091	0.674348	
0.246602	0.143315	0.347218	0.331056	0.37978	0.464954	0.170825	0.348977	0.545243	0.311996	0.447203	0.351142	0.289658	0.401292	0.32648	0.28741	0.249387	0.161813	0.400845	0.531991	0.368523	0.247441	0.124972	0.135581	0.256667	0.278589	0.0605541	0.147142	0.354376	0.342976	0.0764272	0.198473	0.388404	0.336057	0.243221	0.121514	0.161289	0.222135	0.208781	0.132999	0.184028	0.375943	0.209383	0.175017	0.445724	0.479794	0.263573	0.147361	0.12984	0.257743	0.433463	0.506533	0.259478	0.0851078	0.305629	0.541775	0.607011	0.36834	0.216091	0.241963	0.428452	0.727756	0.896116	0.70097	
0.212058	0.107693	0.263879	0.266962	0.302151	0.33508	0.146026	0.0924822	0.445912	0.639709	0.480657	0.35898	0.336808	0.600578	0.494001	0.422972	0.257946	0.24123	0.280999	0.341494	0.449797	0.237128	0.158625	0.271129	0.226021	0.149341	0.213897	0.343716	0.303756	0.210403	0.159193	0.182945	0.217476	0.287608	0.27302	0.0539498	0.143583	0.16201	0.211869	0.270334	0.280389	0.290851	0.138129	0.211969	0.466333	0.343635	0.251406	0.226764	0.267678	0.281099	0.494463	0.467623	0.321009	0.0995406	0.347082	0.517728	0.525589	0.354818	0.286751	0.283536	0.42529	0.609709	0.661239	0.598003	
0.214746	0.124909	0.201573	0.354126	0.283484	0.226816	0.139447	0.0271469	0.37597	0.5047	0.491319	0.283591	0.317946	0.388647	0.372586	0.246858	0.254933	0.236115	0.252275	0.369837	0.322534	0.208615	0.190507	0.295765	0.299417	0.389146	0.405952	0.498764	0.228756	0.274431	0.160035	0.188063	0.203666	0.180377	0.293666	0.110732	0.0966283	0.122415	0.157647	0.238473	0.313265	0.264673	0.0563956	0.2067	0.45214	0.435154	0.296133	0.399737	0.689047	0.667504	0.487382	0.268234	0.166204	0.128695	0.217027	0.310336	0.346181	0.311633	0.293177	0.247112	0.277666	0.257908	0.276392	0.264161	
0.0622401	0.145148	0.199156	0.435158	0.265678	0.187804	0.199256	0.147882	0.127986	0.217314	0.427702	0.31297	0.270307	0.22154	0.291909	0.30248	0.272373	0.232083	0.241396	0.265277	0.271845	0.200897	0.214367	0.194287	0.33648	0.467408	0.398782	0.251232	0.463273	0.298754	0.249289	0.23168	0.147353	0.221484	0.133552	0.186052	0.165006	0.107874	0.151091	0.238728	0.23279	0.298622	0.13313	0.194794	0.200711	0.41936	0.355188	0.625605	0.784085	0.521946	0.383506	0.229271	0.172305	0.461842	0.444723	0.457517	0.363779	0.261541	0.142948	0.140151	0.329897	0.46425	0.450227	0.408304	
0.117569	0.0669301	0.173053	0.243808	0.335251	0.107346	0.103743	0.0951644	0.0430543	0.397504	0.292225	0.270958	0.27307	0.324885	0.398777	0.318046	0.288195	0.264146	0.300935	0.336395	0.185663	0.242965	0.205869	0.156514	0.183121	0.343177	0.340842	0.255386	0.342605	0.199181	0.444508	0.442713	0.148357	0.119398	0.203882	0.135109	0.163968	0.17121	0.200069	0.320597	0.267993	0.175416	0.177826	0.188435	0.332141	0.277505	0.228943	0.77224	0.797103	0.371309	0.228866	0.188386	0.565689	0.980058	0.660213	0.394417	0.393497	0.250297	0.17993	0.183412	0.469784	0.620649	0.576202	0.507011	
0.168553	0.150642	0.123497	0.0671767	0.0730227	0.20891	0.156817	0.114633	0.2878	0.331723	0.313893	0.288046	0.301252	0.289025	0.328011	0.249003	0.304016	0.303702	0.310892	0.218404	0.245252	0.182937	0.143571	0.190786	0.190035	0.387893	0.513457	0.336526	0.185999	0.207091	0.415521	0.278188	0.090201	0.174019	0.164737	0.0529138	0.105963	0.164468	0.353291	0.516422	0.351514	0.21017	0.166095	0.284869	0.398915	0.292722	0.435051	0.832166	0.736359	0.372182	0.120298	0.27272	0.92682	0.907037	0.43262	0.275481	0.2227	0.123111	0.267058	0.417533	0.590322	0.711845	0.490044	0.417798	
0.0706206	0.0931449	0.0779226	0.147525	0.0572349	0.14529	0.189498	0.153507	0.211182	0.230865	0.336528	0.417196	0.378469	0.306363	0.278966	0.253915	0.228742	0.268241	0.251486	0.283572	0.178756	0.233882	0.255237	0.243941	0.320078	0.378778	0.466754	0.276687	0.317938	0.333319	0.326367	0.121942	0.16592	0.190844	0.134538	0.187556	0.205333	0.152742	0.193219	0.303818	0.308636	0.290644	0.313861	0.403644	0.273978	0.34316	0.573711	0.606094	0.951938	0.360861	0	0.601989	0.989456	0.611876	0.364045	0.288899	0.165669	0.236597	0.527722	0.542239	0.522349	0.728723	0.577722	0.30287	
0.103311	0.126843	0.0629006	0.127619	0.12122	0.0914114	0.12788	0.192326	0.29384	0.255892	0.230988	0.405585	0.381896	0.368274	0.232209	0.27992	0.271582	0.319212	0.290773	0.318048	0.355623	0.377641	0.38354	0.316031	0.358282	0.422616	0.280558	0.284895	0.388486	0.41799	0.262454	0.174145	0.078981	0.182299	0.1237	0.202989	0.153276	0.190107	0.166436	0.0634024	0.275123	0.563736	0.394348	0.3322	0.259373	0.449925	0.23845	0.250041	0.823445	0.434465	0.0340562	0.402163	0.821933	0.615312	0.226954	0.191433	0.125726	0.442088	0.775616	0.975449	0.937994	0.732337	0.370692	0.431226	
