0.482062 0.425844 0.280764 0.241393 0.401114 0.438063 0.345475 0.287766 0.323762 0.362978 0.326132 0.274722 0.251684 0.246182 0.232851 0.255916 0.243619 0.228219 0.264420 0.389079 0.384305 0.328236 0.301481 0.269293 0.290992 0.249190 0.261200 0.239994 0.218602 0.216136 0.204691 0.260194 0.392091 0.362575 0.192921 0.177297 0.222006 0.258861 0.254443 0.244769 0.243920 0.256727 0.259154 0.245755 0.233827 0.258469 0.261557 0.290466 0.350353 0.340371 0.282361 0.243746 0.243319 0.239329 0.250157 0.295741 0.326071 0.319810 0.322694 0.348154 0.365110 0.338857 0.345237 0.350016 
0.445299 0.343043 0.223148 0.216832 0.332003 0.372759 0.329745 0.275203 0.287755 0.320165 0.291860 0.272662 0.252981 0.259277 0.254071 0.263553 0.270143 0.248631 0.277669 0.422569 0.353083 0.314428 0.319259 0.287559 0.297156 0.267624 0.267556 0.249294 0.213980 0.181361 0.190981 0.275212 0.361065 0.350376 0.191917 0.175907 0.217215 0.241665 0.243021 0.225754 0.242687 0.264203 0.260476 0.246511 0.244845 0.246019 0.259755 0.270444 0.326603 0.334746 0.282344 0.242642 0.243445 0.229072 0.253096 0.281599 0.311666 0.306977 0.314833 0.335415 0.375001 0.353466 0.356489 0.357912 
0.154946 0.198088 0.198947 0.188711 0.254410 0.227582 0.221121 0.223250 0.259020 0.270248 0.245744 0.257106 0.265313 0.278669 0.307643 0.296124 0.299028 0.287027 0.328873 0.351698 0.328775 0.320087 0.373795 0.336197 0.290720 0.296092 0.293833 0.261389 0.210447 0.182527 0.176610 0.253960 0.332824 0.327046 0.231433 0.198571 0.216038 0.261513 0.249238 0.219135 0.241561 0.285952 0.277328 0.248923 0.247379 0.251211 0.282009 0.259050 0.284056 0.315018 0.275666 0.248416 0.252438 0.230323 0.242352 0.270471 0.291448 0.301427 0.310671 0.330639 0.364943 0.362016 0.332673 0.316570 
0.168000 0.147667 0.134713 0.195697 0.205883 0.172614 0.159368 0.182756 0.236823 0.239229 0.221547 0.221003 0.261038 0.300031 0.376576 0.304177 0.263165 0.335946 0.380992 0.285185 0.289857 0.710669 0.483912 0.273705 0.286588 0.307857 0.308454 0.277040 0.227356 0.195584 0.178790 0.255742 0.301975 0.320608 0.273267 0.217181 0.224747 0.286772 0.261600 0.232158 0.244405 0.312088 0.296372 0.250893 0.231868 0.274822 0.321861 0.274354 0.271678 0.299200 0.278670 0.263956 0.254056 0.223055 0.241007 0.262749 0.286131 0.295958 0.315925 0.322600 0.337168 0.345153 0.307448 0.283819 
0.185660 0.132416 0.107646 0.186978 0.189359 0.169452 0.169831 0.191289 0.211294 0.218894 0.201890 0.197821 0.221131 0.270470 0.434200 0.300752 0.240787 0.314554 0.346700 0.317369 0.300388 0.522504 0.600460 0.285969 0.264908 0.293167 0.336607 0.340512 0.258079 0.216414 0.199857 0.248396 0.311730 0.342784 0.294272 0.236156 0.236107 0.259320 0.260722 0.236542 0.258784 0.303427 0.288470 0.244872 0.233529 0.292514 0.358903 0.321416 0.278371 0.324045 0.310378 0.273353 0.255405 0.241375 0.236167 0.246571 0.265453 0.283624 0.304730 0.314046 0.310055 0.329373 0.336359 0.290815 
0.237843 0.235993 0.147365 0.149133 0.173240 0.186866 0.200349 0.220395 0.227363 0.216921 0.195619 0.197100 0.217755 0.264837 0.484387 0.344865 0.250009 0.312956 0.307234 0.315487 0.324862 0.344947 0.558466 0.497241 0.261505 0.253372 0.335633 0.385950 0.285320 0.237154 0.232390 0.251904 0.319544 0.323249 0.280934 0.241773 0.236223 0.246473 0.266563 0.246185 0.259036 0.277730 0.258033 0.257728 0.244094 0.265224 0.374589 0.328439 0.299120 0.372727 0.333061 0.281093 0.245877 0.244183 0.232998 0.236367 0.259817 0.289605 0.309943 0.294779 0.303617 0.359684 0.355848 0.308347 
0.276437 0.279694 0.250124 0.210007 0.199065 0.206921 0.222251 0.243437 0.253503 0.232724 0.201601 0.192288 0.336937 0.373256 0.508939 0.436097 0.366921 0.353573 0.280319 0.278892 0.310551 0.337559 0.569838 0.596801 0.312982 0.245748 0.281258 0.368689 0.277173 0.242657 0.240337 0.254407 0.281738 0.271138 0.291175 0.262004 0.232936 0.249812 0.264513 0.254555 0.237547 0.254158 0.257638 0.252837 0.234230 0.256051 0.333238 0.317620 0.299585 0.356793 0.344215 0.290241 0.235968 0.227408 0.225285 0.244713 0.267326 0.292395 0.325144 0.317660 0.333914 0.363848 0.353495 0.308686 
0.284983 0.286006 0.313673 0.302985 0.251961 0.238407 0.240336 0.227889 0.229794 0.216762 0.199300 0.181318 0.358712 0.519352 0.383013 0.428538 0.371889 0.286257 0.250517 0.265483 0.311459 0.350344 0.502649 0.512291 0.358476 0.267136 0.262818 0.292511 0.268865 0.236239 0.228392 0.230471 0.239303 0.271064 0.337514 0.303382 0.273239 0.254705 0.253320 0.254155 0.255760 0.256464 0.259857 0.263405 0.249073 0.251869 0.291885 0.314355 0.281471 0.328904 0.345534 0.253690 0.222648 0.219506 0.235259 0.252553 0.243957 0.268430 0.319677 0.327242 0.354054 0.360860 0.323933 0.287201 
0.339481 0.262312 0.270727 0.293016 0.263812 0.235604 0.243849 0.226836 0.206493 0.192082 0.189890 0.191710 0.387980 0.600685 0.287641 0.451268 0.366730 0.209638 0.212131 0.258206 0.295393 0.334334 0.404917 0.544680 0.426194 0.305702 0.262489 0.279753 0.279432 0.252970 0.228385 0.216901 0.210507 0.279063 0.416764 0.358936 0.287203 0.250654 0.257972 0.282415 0.299664 0.294854 0.285526 0.277941 0.267333 0.264262 0.284435 0.324418 0.290416 0.326688 0.339337 0.252326 0.215877 0.226511 0.255130 0.242790 0.225144 0.254431 0.279231 0.315030 0.343550 0.372789 0.318617 0.301049 
0.377389 0.289033 0.261901 0.259574 0.235653 0.231261 0.232880 0.240729 0.217893 0.212819 0.197786 0.183010 0.365941 0.530894 0.305289 0.457782 0.454768 0.123966 0.173171 0.234833 0.283722 0.313959 0.343942 0.416114 0.645355 0.415132 0.288771 0.304481 0.320332 0.303011 0.264157 0.229969 0.212821 0.272373 0.378937 0.370933 0.312177 0.263403 0.270134 0.308651 0.311487 0.316770 0.294415 0.280417 0.259722 0.267854 0.285466 0.323725 0.325882 0.343993 0.339112 0.271448 0.235438 0.243775 0.252398 0.226288 0.233675 0.248204 0.243433 0.297210 0.332167 0.370863 0.328047 0.331899 
0.359896 0.332993 0.280163 0.263111 0.236267 0.216085 0.220040 0.231409 0.244951 0.252176 0.218294 0.189222 0.334099 0.453693 0.314095 0.414850 0.358040 0.145940 0.166680 0.229485 0.272017 0.319269 0.340144 0.333702 0.610828 0.469504 0.302344 0.312006 0.335481 0.370397 0.335909 0.262615 0.241331 0.261019 0.306611 0.346083 0.348618 0.280303 0.270992 0.303588 0.315113 0.292045 0.301107 0.287691 0.281045 0.266331 0.279950 0.320859 0.345159 0.365929 0.322697 0.265440 0.245950 0.251386 0.253667 0.242122 0.239223 0.248914 0.243409 0.251391 0.288699 0.352064 0.347517 0.355514 
0.355157 0.334676 0.294626 0.276915 0.256777 0.230340 0.215479 0.229302 0.231548 0.240661 0.224418 0.209778 0.306522 0.456977 0.341163 0.410411 0.354764 0.221777 0.205073 0.232854 0.276872 0.325024 0.334215 0.326475 0.570865 0.453704 0.288289 0.296055 0.308555 0.356804 0.351084 0.316026 0.284461 0.270568 0.282997 0.320820 0.354170 0.303847 0.284292 0.290646 0.301421 0.304209 0.321817 0.329177 0.321612 0.291378 0.313630 0.351949 0.362402 0.360785 0.319981 0.260750 0.252832 0.261559 0.294728 0.274028 0.245393 0.254784 0.259023 0.236200 0.250202 0.309584 0.335858 0.353287 
0.318400 0.323894 0.305870 0.277498 0.285236 0.277310 0.242679 0.236597 0.234778 0.222815 0.220461 0.200798 0.241807 0.589702 0.442811 0.363609 0.314026 0.247268 0.247401 0.245963 0.294628 0.335864 0.353207 0.356398 0.549418 0.425947 0.286788 0.286471 0.283256 0.321572 0.328588 0.341780 0.323809 0.266091 0.263233 0.300630 0.321363 0.314696 0.327596 0.301488 0.299697 0.322188 0.352580 0.367924 0.332654 0.314866 0.327944 0.326378 0.339024 0.347837 0.345429 0.291418 0.245905 0.274871 0.321472 0.308551 0.263000 0.259441 0.255256 0.249492 0.271923 0.306153 0.302019 0.316773 
0.295728 0.320169 0.310408 0.283001 0.285788 0.290413 0.287344 0.274103 0.252834 0.232086 0.221088 0.183588 0.052751 0.514078 0.599133 0.317724 0.257647 0.243839 0.241117 0.233254 0.263172 0.346429 0.376690 0.388088 0.499384 0.379684 0.291200 0.286420 0.280968 0.305507 0.324074 0.329903 0.329955 0.288563 0.264692 0.276653 0.283530 0.326690 0.379397 0.358692 0.335970 0.323324 0.333835 0.360013 0.326636 0.303471 0.278010 0.287055 0.312690 0.352958 0.377680 0.324682 0.263086 0.267563 0.322379 0.345204 0.279743 0.254597 0.256269 0.258631 0.279029 0.285858 0.288820 0.288207 
0.279475 0.302972 0.308498 0.296770 0.284815 0.279986 0.285157 0.275093 0.274526 0.238822 0.217535 0.186449 0.029601 0.681348 0.715327 0.287927 0.272151 0.250505 0.231524 0.218831 0.240100 0.317621 0.380969 0.429677 0.485331 0.354793 0.292734 0.292506 0.303713 0.326703 0.323075 0.307102 0.324094 0.308963 0.267944 0.255653 0.261108 0.307237 0.426579 0.414619 0.354694 0.297634 0.294683 0.341801 0.363317 0.279008 0.237635 0.236616 0.308081 0.389017 0.379398 0.322218 0.292176 0.278146 0.315686 0.329709 0.284107 0.242177 0.257700 0.275858 0.266251 0.255681 0.282624 0.305643 
0.263656 0.287719 0.322375 0.311606 0.300469 0.283059 0.288168 0.266899 0.257157 0.249070 0.223127 0.192950 0.073039 0.643531 0.683133 0.288167 0.277003 0.238940 0.246315 0.259125 0.238178 0.276172 0.328141 0.512678 0.551730 0.349895 0.289099 0.335846 0.370783 0.366285 0.361808 0.307085 0.322099 0.321566 0.269213 0.263351 0.252417 0.255042 0.459905 0.558773 0.349303 0.264275 0.250385 0.456945 0.405710 0.265828 0.221249 0.223318 0.276383 0.365279 0.352079 0.299062 0.276030 0.291616 0.320539 0.306159 0.275012 0.253222 0.268437 0.280283 0.273582 0.253938 0.269761 0.295231 
0.282678 0.295131 0.311867 0.307588 0.314235 0.319697 0.299571 0.263499 0.250940 0.255724 0.248320 0.238010 0.169038 0.668235 0.657060 0.306905 0.232101 0.208496 0.293431 0.293120 0.252454 0.255285 0.319825 0.598583 0.428495 0.339378 0.305906 0.386162 0.416842 0.395693 0.389535 0.322676 0.319861 0.318062 0.277768 0.266732 0.257543 0.243486 0.336616 0.603585 0.429594 0.256121 0.241354 0.597330 0.555382 0.283756 0.217673 0.237764 0.284878 0.310689 0.306778 0.258237 0.250178 0.275449 0.312966 0.313068 0.284445 0.292907 0.286698 0.275338 0.269569 0.272651 0.265338 0.250906 
0.307731 0.298995 0.290257 0.282589 0.288825 0.306115 0.292996 0.271207 0.262347 0.262805 0.279516 0.353912 0.221393 0.692245 0.641371 0.366670 0.212993 0.204224 0.264061 0.301112 0.259321 0.232448 0.322650 0.447738 0.320771 0.332274 0.328892 0.396589 0.419739 0.398250 0.362035 0.339631 0.317341 0.292407 0.281173 0.282463 0.290583 0.278426 0.250590 0.437552 0.464629 0.327781 0.447334 0.543093 0.567058 0.373484 0.239977 0.280654 0.297351 0.261207 0.251764 0.242248 0.227505 0.246834 0.287572 0.311514 0.305465 0.323155 0.294713 0.273512 0.288242 0.287411 0.260587 0.237510 
0.320881 0.298233 0.286075 0.283535 0.271949 0.253410 0.260533 0.275072 0.276072 0.278147 0.384476 0.626956 0.224187 0.613541 0.568002 0.449826 0.248440 0.214764 0.247181 0.287705 0.251713 0.231723 0.330914 0.383891 0.314863 0.320454 0.318584 0.432826 0.503239 0.360263 0.295312 0.332575 0.312775 0.276998 0.303904 0.349616 0.366982 0.329806 0.244800 0.325674 0.463602 0.390611 0.464636 0.490072 0.486321 0.441232 0.339228 0.289446 0.262088 0.228715 0.230169 0.223705 0.235549 0.234491 0.251112 0.283434 0.319791 0.326477 0.295176 0.287215 0.313196 0.284959 0.266419 0.262753 
0.338654 0.307081 0.282227 0.295934 0.274011 0.252488 0.243279 0.281687 0.292518 0.287886 0.533457 0.677125 0.263024 0.604757 0.698389 0.371289 0.244321 0.236281 0.271861 0.290301 0.268501 0.263922 0.337716 0.356903 0.313562 0.309079 0.335367 0.597582 0.595761 0.313290 0.250369 0.297579 0.337234 0.318160 0.366503 0.429220 0.395875 0.321676 0.249168 0.318020 0.492064 0.475642 0.480066 0.441702 0.410979 0.404300 0.339353 0.291795 0.234182 0.238950 0.219596 0.236707 0.259650 0.307815 0.218842 0.222643 0.284868 0.329098 0.336177 0.310824 0.306879 0.290318 0.279405 0.283869 
0.335370 0.307039 0.282690 0.288684 0.273141 0.249916 0.243036 0.292694 0.314214 0.272157 0.524120 0.709353 0.261672 0.658132 0.782032 0.316413 0.243390 0.263663 0.318456 0.305702 0.303042 0.382018 0.380488 0.292052 0.291879 0.297090 0.560602 0.632931 0.407114 0.307502 0.242232 0.317666 0.427709 0.322648 0.396611 0.478811 0.399430 0.320210 0.242259 0.308438 0.505216 0.603062 0.512303 0.422711 0.372378 0.406462 0.378630 0.292448 0.262474 0.249553 0.283455 0.370865 0.486682 0.651408 0.216836 0.193849 0.241717 0.298866 0.369268 0.339773 0.289526 0.290623 0.283050 0.284644 
0.329670 0.323072 0.302003 0.291055 0.278327 0.244311 0.239523 0.282509 0.301515 0.239593 0.422655 0.546668 0.334641 0.633053 0.722645 0.375017 0.270695 0.281744 0.345684 0.346498 0.404377 0.450089 0.291911 0.249068 0.274363 0.331339 0.599899 0.422400 0.269007 0.305611 0.329776 0.393221 0.445244 0.305813 0.374743 0.494076 0.390992 0.302667 0.250351 0.267577 0.383776 0.586182 0.635325 0.491822 0.491212 0.569896 0.511372 0.440714 0.488090 0.563729 0.624782 0.667127 0.684657 0.477505 0.284489 0.210696 0.237041 0.310982 0.372049 0.309357 0.265929 0.273415 0.274074 0.285807 
0.411692 0.350518 0.313485 0.306341 0.299365 0.259655 0.261603 0.292973 0.210936 0.534004 0.983417 0.427331 0.524432 0.502372 0.623128 0.434729 0.347775 0.275470 0.357939 0.408301 0.411387 0.469568 0.292239 0.253236 0.278623 0.365973 0.502474 0.313866 0.315781 0.481705 0.450974 0.334192 0.351276 0.327329 0.419687 0.527343 0.427818 0.295333 0.279273 0.283653 0.335342 0.488416 0.607651 0.641535 0.648620 0.629279 0.585377 0.600522 0.623804 0.677186 0.717525 0.643325 0.408580 0.322732 0.353434 0.267524 0.263846 0.328127 0.348563 0.268666 0.229017 0.216405 0.251185 0.308829 
0.534639 0.482727 0.446418 0.431754 0.440197 0.446854 0.457713 0.442463 0.291797 0.594866 0.767440 0.651861 0.523566 0.360115 0.584904 0.532079 0.506167 0.447363 0.472887 0.451419 0.473471 0.510055 0.389411 0.345007 0.375248 0.470765 0.542602 0.467269 0.552864 0.452548 0.321695 0.321053 0.359697 0.428419 0.466577 0.524525 0.458004 0.348882 0.351522 0.332901 0.362546 0.463167 0.643154 0.665892 0.660403 0.649144 0.627022 0.650439 0.660209 0.750335 0.663791 0.456100 0.294041 0.291947 0.321774 0.328352 0.298476 0.324799 0.318706 0.263698 0.211165 0.213163 0.243765 0.311480 
0.470789 0.581290 0.547935 0.529174 0.549246 0.527266 0.532290 0.548431 0.606814 0.700779 0.405402 0.639093 0.385389 0.324676 0.472288 0.531373 0.516923 0.532099 0.511677 0.483699 0.563713 0.492103 0.433752 0.485894 0.484116 0.571723 0.517898 0.448553 0.493983 0.271569 0.282651 0.329819 0.417529 0.486192 0.434938 0.439373 0.406736 0.404391 0.408812 0.385231 0.354502 0.539689 0.676709 0.624286 0.607406 0.606198 0.617769 0.703149 0.701237 0.683895 0.403207 0.245259 0.284256 0.275572 0.278128 0.304835 0.328724 0.284083 0.296186 0.275519 0.241862 0.241712 0.237410 0.262440 
0.404301 0.496594 0.495985 0.494893 0.513668 0.501004 0.475747 0.442118 0.733203 0.770551 0.480097 0.509832 0.413815 0.323337 0.396834 0.481011 0.432799 0.445979 0.562669 0.588118 0.653344 0.384949 0.391342 0.414366 0.395978 0.584596 0.548174 0.358294 0.290906 0.239291 0.323601 0.395219 0.445604 0.468161 0.330260 0.309029 0.350256 0.385068 0.326183 0.297055 0.351222 0.639491 0.628163 0.616619 0.616621 0.625113 0.655123 0.701983 0.657491 0.349474 0.172472 0.266282 0.341040 0.301449 0.310957 0.280993 0.283412 0.266883 0.254396 0.276026 0.276640 0.273502 0.244970 0.244896 
0.384697 0.484808 0.501384 0.505993 0.506644 0.503020 0.482150 0.464098 0.685517 0.675775 0.525053 0.526093 0.477526 0.342654 0.498143 0.546690 0.300116 0.345174 0.785233 0.812958 0.678337 0.398577 0.418337 0.414824 0.402655 0.607634 0.598095 0.330309 0.269023 0.229812 0.331332 0.419287 0.468396 0.423231 0.340979 0.284297 0.317111 0.326113 0.274187 0.281586 0.522061 0.619637 0.620468 0.615209 0.612351 0.611247 0.720928 0.653584 0.457093 0.424971 0.489778 0.469691 0.418510 0.355338 0.343753 0.314744 0.272837 0.285117 0.260500 0.230249 0.253531 0.250604 0.249821 0.259368 
0.332594 0.490988 0.498678 0.481766 0.515733 0.517514 0.498867 0.463982 0.649354 0.728708 0.562733 0.556681 0.514823 0.433456 0.546086 0.342434 0.235499 0.485729 0.744332 0.644776 0.397465 0.412756 0.483021 0.448528 0.391573 0.587717 0.581040 0.412970 0.300569 0.224247 0.269888 0.399691 0.508677 0.442773 0.332308 0.288171 0.294415 0.280589 0.285296 0.480396 0.601282 0.650150 0.619360 0.622353 0.623835 0.711232 0.739762 0.392603 0.368864 0.576957 0.438560 0.352890 0.420920 0.367289 0.290500 0.283776 0.281617 0.290702 0.302236 0.243148 0.215733 0.223992 0.239623 0.265337 
0.327744 0.501513 0.487452 0.459209 0.489781 0.493127 0.476045 0.457156 0.687420 0.792226 0.597583 0.530661 0.491575 0.417454 0.310090 0.105840 0.575111 0.888763 0.709835 0.224196 0.243228 0.373228 0.477700 0.415883 0.367339 0.656766 0.650109 0.466621 0.316405 0.238697 0.274325 0.345427 0.561767 0.472583 0.342540 0.301037 0.275398 0.268944 0.368740 0.556553 0.610404 0.583320 0.554375 0.574263 0.645558 0.730522 0.516944 0.145796 0.307848 0.301992 0.206255 0.238169 0.427087 0.356046 0.178939 0.207912 0.259358 0.251133 0.307608 0.329341 0.213781 0.204606 0.245010 0.262873 
0.370427 0.532597 0.487699 0.471604 0.458250 0.455659 0.435528 0.528122 0.642018 0.515671 0.473926 0.375043 0.388060 0.373719 0.317452 0.537099 0.946893 0.652590 0.169929 0.251724 0.253348 0.298818 0.373613 0.394749 0.435046 0.645128 0.489980 0.378191 0.266620 0.245740 0.299888 0.391793 0.574452 0.433663 0.361119 0.300872 0.264523 0.264890 0.344197 0.380270 0.382514 0.396609 0.414418 0.407166 0.385329 0.382888 0.244041 0.216505 0.272619 0.257913 0.251228 0.262314 0.410949 0.289939 0.181897 0.207455 0.265940 0.242636 0.281747 0.310082 0.237097 0.225627 0.233300 0.253964 
0.404830 0.558052 0.487998 0.483067 0.467395 0.472036 0.448052 0.546805 0.672086 0.587026 0.500137 0.469125 0.443778 0.290135 0.706108 0.912397 0.622060 0.182553 0.242017 0.261522 0.253912 0.272709 0.276555 0.342784 0.461662 0.512616 0.520684 0.313397 0.265169 0.245761 0.233957 0.353440 0.496695 0.478927 0.327629 0.250780 0.253310 0.241078 0.316231 0.368133 0.382638 0.402369 0.408852 0.426161 0.415422 0.377856 0.274422 0.218401 0.332829 0.309285 0.262069 0.235229 0.420502 0.268687 0.197235 0.310841 0.354626 0.238168 0.291756 0.297946 0.255920 0.232052 0.213928 0.248950 
0.421964 0.561641 0.457213 0.418040 0.416199 0.423415 0.415022 0.514318 0.767280 0.829373 0.720645 0.644559 0.621439 0.606971 0.880140 0.477616 0.238591 0.230873 0.244972 0.256998 0.229149 0.233418 0.261065 0.278286 0.385124 0.534924 0.605255 0.366458 0.315891 0.288587 0.216951 0.284172 0.606344 0.488192 0.288923 0.217981 0.244532 0.255062 0.403299 0.457207 0.453015 0.460936 0.483230 0.511364 0.503252 0.468015 0.437333 0.540109 0.561566 0.570728 0.752783 0.837355 0.678077 0.542516 0.472195 0.390205 0.366602 0.309084 0.337386 0.333405 0.272264 0.228515 0.224988 0.239758 
0.361543 0.445565 0.357957 0.290822 0.295775 0.269851 0.236634 0.429634 0.795141 0.613867 0.821405 0.490567 0.725875 0.811579 0.396902 0.218389 0.250161 0.243740 0.254505 0.261284 0.237154 0.228486 0.252355 0.287794 0.298196 0.192908 0.474607 0.499622 0.302754 0.280625 0.240688 0.401447 0.534994 0.428978 0.254968 0.218796 0.245758 0.469069 0.574980 0.612144 0.622974 0.648579 0.651308 0.650253 0.652599 0.641877 0.668292 0.711160 0.512616 0.491269 0.490957 0.444120 0.398660 0.392395 0.369232 0.276044 0.255009 0.255150 0.238833 0.241042 0.252977 0.245817 0.264636 0.245976 
0.291463 0.316648 0.297134 0.254783 0.220659 0.194247 0.278596 0.638947 0.677022 0.305218 0.591682 0.738526 0.736805 0.333618 0.231105 0.257377 0.248665 0.249214 0.262730 0.285206 0.286730 0.273521 0.285322 0.305920 0.288378 0.275499 0.400608 0.508343 0.317142 0.305277 0.236151 0.583731 0.471315 0.296037 0.240471 0.199642 0.256496 0.616694 0.553947 0.617790 0.701049 0.788297 0.772687 0.755763 0.741184 0.756448 0.688514 0.811003 0.762346 0.703512 0.447551 0.227151 0.314908 0.344209 0.288317 0.291859 0.205736 0.201544 0.232354 0.224469 0.244209 0.287492 0.291147 0.264370 
0.263549 0.266011 0.281866 0.287597 0.326458 0.479425 0.550496 0.537624 0.429141 0.222672 0.560849 0.737951 0.183188 0.193290 0.247836 0.279508 0.261063 0.260887 0.253174 0.286432 0.301800 0.245623 0.287152 0.294895 0.263893 0.277437 0.264652 0.350478 0.268254 0.439211 0.507090 0.387527 0.309912 0.260779 0.218512 0.196489 0.193896 0.462781 0.476695 0.533323 0.790063 0.824090 0.872324 0.781927 0.799375 0.733084 0.722592 0.636298 0.898215 0.849703 0.840810 0.790183 0.609050 0.668857 0.351407 0.336916 0.735615 0.318747 0.260398 0.259984 0.245015 0.371361 0.382389 0.286841 
0.291692 0.263468 0.316312 0.425314 0.539646 0.501654 0.420372 0.414533 0.347707 0.267532 0.308145 0.252304 0.125954 0.169045 0.211752 0.244148 0.253143 0.261743 0.238686 0.271368 0.261328 0.199155 0.255556 0.239260 0.227387 0.222203 0.241764 0.288413 0.265482 0.429468 0.389191 0.315685 0.332914 0.295473 0.217673 0.186372 0.168470 0.275257 0.372011 0.394457 0.754609 0.434545 0.651881 0.863503 0.839007 0.682537 0.677359 0.724487 0.702876 0.701470 0.720612 0.886192 0.875074 0.770711 0.330771 0.290437 0.656359 0.382070 0.284915 0.236541 0.226436 0.333707 0.457630 0.318697 
0.325578 0.295051 0.339317 0.507601 0.512741 0.398044 0.344799 0.369318 0.315063 0.249308 0.235874 0.194528 0.182232 0.186501 0.206935 0.220001 0.237141 0.256735 0.208036 0.276101 0.274715 0.209014 0.245060 0.245487 0.218333 0.248681 0.195085 0.404695 0.399781 0.405587 0.310939 0.313155 0.388873 0.365195 0.245473 0.186376 0.169772 0.217902 0.337383 0.422166 0.403513 0.243835 0.216182 0.351849 0.738511 0.743907 0.674160 0.676179 0.632938 0.608191 0.703148 0.702125 0.554175 0.495615 0.268177 0.235482 0.274235 0.352782 0.327964 0.234637 0.212042 0.206618 0.342660 0.310504 
0.308171 0.257101 0.297213 0.417817 0.381201 0.341337 0.339753 0.359695 0.296735 0.228622 0.211195 0.264392 0.329797 0.263926 0.242457 0.249510 0.291286 0.333876 0.274674 0.374951 0.397019 0.309391 0.322198 0.354597 0.344856 0.383351 0.351598 0.495309 0.475250 0.388978 0.279346 0.302345 0.369617 0.330789 0.273718 0.216102 0.199795 0.244873 0.345117 0.387796 0.359779 0.264824 0.193025 0.220252 0.611350 0.591878 0.579477 0.580299 0.601213 0.714276 0.709868 0.596489 0.386556 0.253974 0.287223 0.177852 0.269545 0.297358 0.278371 0.203076 0.211708 0.388802 0.390100 0.324517 
0.264412 0.237226 0.240298 0.276584 0.292394 0.311745 0.367569 0.416069 0.322791 0.228028 0.225121 0.388036 0.413550 0.325264 0.554538 0.358150 0.361676 0.488061 0.493435 0.490511 0.482576 0.531824 0.559118 0.572764 0.542459 0.495826 0.477827 0.498164 0.449068 0.323731 0.287703 0.279439 0.289664 0.301711 0.309557 0.290681 0.260909 0.271114 0.311298 0.357057 0.372347 0.274320 0.232912 0.570668 0.481023 0.511529 0.580397 0.577315 0.712102 0.687993 0.502415 0.426238 0.370690 0.447574 0.634156 0.522606 0.399658 0.292355 0.169311 0.389687 0.694574 0.581564 0.485214 0.390356 
0.248400 0.261884 0.242489 0.245570 0.283805 0.308514 0.390629 0.414933 0.323134 0.245848 0.237312 0.282731 0.355795 0.432267 0.616966 0.302590 0.303740 0.365096 0.347138 0.330817 0.335234 0.436683 0.800019 0.729186 0.430728 0.366721 0.301611 0.251416 0.283693 0.338510 0.337752 0.308725 0.294846 0.287088 0.305496 0.352787 0.376694 0.339274 0.295100 0.317509 0.321286 0.291841 0.447870 0.476788 0.380725 0.436626 0.585625 0.672941 0.773152 0.584919 0.485279 0.398272 0.626112 0.716050 0.674367 0.722338 0.603507 0.391156 0.296611 0.790509 0.722347 0.631159 0.518976 0.450877 
0.322109 0.316115 0.275803 0.282793 0.286310 0.312389 0.375919 0.290435 0.258817 0.233218 0.219164 0.236786 0.318644 0.387062 0.478382 0.336263 0.317614 0.301196 0.265550 0.250119 0.249675 0.242840 0.471815 0.619248 0.362496 0.293971 0.245953 0.242146 0.261978 0.324813 0.347239 0.350713 0.314261 0.271700 0.292310 0.383602 0.458491 0.376351 0.285068 0.244682 0.237817 0.296712 0.466809 0.426639 0.398384 0.487386 0.515109 0.426750 0.422835 0.657436 0.492619 0.442428 0.768811 0.633794 0.471644 0.560302 0.694382 0.489081 0.409481 0.657974 0.622639 0.406723 0.401333 0.416502 
0.373738 0.314697 0.343720 0.374812 0.313316 0.334149 0.367700 0.279889 0.241355 0.232444 0.203990 0.277587 0.339979 0.325078 0.349990 0.399552 0.355115 0.263141 0.228310 0.228416 0.224493 0.268451 0.299832 0.364501 0.364655 0.294792 0.253508 0.254697 0.249865 0.301656 0.299368 0.275359 0.297177 0.294991 0.350383 0.414513 0.350065 0.284952 0.282584 0.225761 0.228389 0.302460 0.422101 0.400618 0.395359 0.474294 0.455079 0.330256 0.336730 0.510877 0.605772 0.575121 0.632526 0.369792 0.305908 0.158951 0.556752 0.648812 0.477647 0.546823 0.345909 0.258241 0.178494 0.265108 
0.350924 0.336184 0.405279 0.384884 0.318840 0.364904 0.338596 0.294185 0.284708 0.299938 0.347478 0.391163 0.341093 0.304322 0.343472 0.398610 0.347866 0.257194 0.212843 0.209361 0.221911 0.274739 0.286489 0.310894 0.335619 0.285049 0.258033 0.260952 0.297777 0.351895 0.298764 0.287146 0.299169 0.383631 0.427455 0.328098 0.269016 0.279288 0.358744 0.352389 0.345958 0.372631 0.396759 0.372258 0.360193 0.371922 0.338584 0.347643 0.415316 0.484856 0.604150 0.644050 0.419282 0.328234 0.295065 0.300838 0.395315 0.601975 0.618690 0.362720 0.262386 0.246359 0.200297 0.235219 
0.423671 0.464910 0.418866 0.371224 0.359704 0.305602 0.282505 0.332121 0.305303 0.338816 0.425223 0.337007 0.241524 0.292143 0.402232 0.384089 0.354753 0.265181 0.208354 0.192439 0.204466 0.249878 0.269714 0.286923 0.304916 0.289825 0.264399 0.329036 0.446027 0.373148 0.321096 0.337364 0.359773 0.406404 0.282183 0.222283 0.299085 0.342241 0.355960 0.345453 0.326415 0.402740 0.407846 0.325655 0.325132 0.344712 0.290492 0.325433 0.392511 0.526073 0.572261 0.474098 0.385621 0.334200 0.283829 0.309477 0.355193 0.378508 0.396751 0.317304 0.246486 0.230345 0.218158 0.238576 
0.543227 0.540487 0.434260 0.392092 0.354323 0.316597 0.341101 0.398764 0.408286 0.471365 0.413607 0.291954 0.290879 0.331965 0.406009 0.395404 0.336940 0.267533 0.208727 0.203099 0.197185 0.230913 0.265262 0.288201 0.332436 0.397886 0.493451 0.549618 0.430925 0.294362 0.278903 0.358539 0.428367 0.327718 0.238908 0.281690 0.378733 0.361507 0.291865 0.291726 0.316841 0.407668 0.391771 0.320897 0.331792 0.360006 0.307754 0.336622 0.412028 0.600245 0.638743 0.449721 0.426613 0.407443 0.331559 0.314898 0.324500 0.345828 0.388110 0.322954 0.267994 0.239297 0.229693 0.244615 
0.416349 0.393904 0.397638 0.364877 0.335327 0.369504 0.493258 0.607442 0.548655 0.504187 0.402065 0.328512 0.336304 0.325567 0.364332 0.320375 0.298022 0.275650 0.219287 0.196734 0.197755 0.264879 0.302539 0.334234 0.413014 0.390583 0.546718 0.577628 0.416421 0.321119 0.307136 0.450242 0.343083 0.254841 0.277909 0.334417 0.335259 0.305340 0.266904 0.255525 0.319400 0.391090 0.392239 0.341841 0.338264 0.362408 0.336557 0.422383 0.567745 0.561211 0.587145 0.511261 0.475506 0.415604 0.320463 0.327368 0.279576 0.343621 0.382975 0.320133 0.265390 0.246269 0.235762 0.273998 
0.206961 0.279114 0.375136 0.353050 0.344596 0.424443 0.604585 0.578312 0.463474 0.422807 0.384918 0.392537 0.332706 0.331391 0.394727 0.466486 0.484847 0.483661 0.412405 0.608826 0.488675 0.468060 0.460254 0.571571 0.486753 0.308343 0.393371 0.493116 0.503684 0.567464 0.536783 0.390448 0.386529 0.415492 0.388426 0.357770 0.291945 0.258744 0.234356 0.247988 0.279737 0.346442 0.402617 0.367568 0.341343 0.382434 0.337708 0.390818 0.411682 0.317357 0.416586 0.423994 0.389392 0.335439 0.252417 0.311422 0.291374 0.315756 0.366427 0.315345 0.242914 0.212555 0.239362 0.323436 
0.195277 0.223339 0.356380 0.376460 0.459315 0.564864 0.513395 0.482953 0.443053 0.386837 0.393319 0.410563 0.363229 0.366334 0.389008 0.515227 0.561578 0.496299 0.332167 0.539258 0.513289 0.481998 0.446976 0.643340 0.476664 0.260859 0.281283 0.452275 0.461628 0.460709 0.462074 0.468890 0.534777 0.498503 0.411699 0.351814 0.262763 0.255464 0.244237 0.224510 0.226281 0.270116 0.378324 0.370222 0.390717 0.373248 0.291193 0.326583 0.381016 0.394255 0.373963 0.377432 0.415603 0.418886 0.366293 0.384452 0.379384 0.353242 0.354301 0.335246 0.319190 0.299052 0.302047 0.334522 
0.189664 0.181488 0.334893 0.447324 0.697826 0.655498 0.495248 0.440640 0.406626 0.351794 0.374562 0.372315 0.374864 0.378364 0.365026 0.387316 0.488617 0.329261 0.220891 0.439291 0.525652 0.509310 0.509704 0.636442 0.381399 0.247711 0.260341 0.483051 0.545795 0.511854 0.469658 0.437620 0.352432 0.250468 0.329659 0.384274 0.319690 0.261883 0.260872 0.203210 0.187477 0.253025 0.349454 0.371206 0.419305 0.388105 0.298439 0.340608 0.388739 0.558473 0.423219 0.360448 0.476709 0.524664 0.513869 0.461591 0.411394 0.346832 0.314733 0.329476 0.326037 0.320684 0.328801 0.351445 
0.152952 0.138484 0.355642 0.384075 0.489360 0.558634 0.499792 0.403895 0.392097 0.380942 0.345094 0.348003 0.347084 0.330029 0.303189 0.302031 0.349774 0.291500 0.211811 0.347174 0.518589 0.511337 0.506357 0.442512 0.315088 0.260572 0.222854 0.324519 0.544655 0.466443 0.396061 0.360879 0.269234 0.251639 0.297004 0.378678 0.381485 0.297175 0.278979 0.210745 0.168953 0.247324 0.369999 0.407236 0.442816 0.376440 0.303512 0.280522 0.197520 0.183875 0.418508 0.372557 0.280589 0.190583 0.184050 0.238950 0.333881 0.349314 0.300328 0.243232 0.242031 0.257782 0.291973 0.386308 
0.135907 0.196897 0.344818 0.313924 0.387677 0.553411 0.435667 0.445644 0.428009 0.373313 0.356597 0.358739 0.325887 0.283880 0.274771 0.278686 0.275568 0.253959 0.228889 0.295576 0.477004 0.533443 0.482600 0.382637 0.298335 0.244282 0.225705 0.232666 0.289168 0.407636 0.398927 0.340470 0.279148 0.282953 0.281730 0.314540 0.367103 0.332900 0.256691 0.209034 0.180461 0.227106 0.395540 0.418116 0.425167 0.385538 0.300137 0.264630 0.215035 0.222744 0.320811 0.423016 0.299231 0.203620 0.203289 0.214294 0.265410 0.355501 0.327777 0.234229 0.225382 0.272889 0.302447 0.455405 
0.164821 0.205828 0.299702 0.292580 0.356826 0.555709 0.379938 0.455304 0.406847 0.342750 0.392223 0.359642 0.316768 0.299778 0.287861 0.293604 0.236901 0.209258 0.212773 0.247968 0.355356 0.513207 0.430319 0.302289 0.240118 0.235116 0.242315 0.216376 0.238791 0.382985 0.384783 0.362143 0.314044 0.322014 0.280842 0.267694 0.281566 0.269428 0.227852 0.213719 0.200549 0.259945 0.379516 0.394092 0.428655 0.429984 0.320084 0.280919 0.226802 0.203128 0.223667 0.395088 0.292534 0.239680 0.234389 0.219556 0.215834 0.310158 0.313367 0.232746 0.238076 0.310180 0.376181 0.535220 
0.175797 0.226701 0.269344 0.276039 0.348095 0.453337 0.333167 0.421921 0.396088 0.338043 0.395372 0.344826 0.313041 0.324493 0.297916 0.293476 0.238350 0.203831 0.200412 0.253636 0.301243 0.372848 0.366479 0.259964 0.223670 0.220458 0.208338 0.210324 0.246991 0.349095 0.320410 0.351922 0.332095 0.300994 0.263899 0.268343 0.280810 0.256050 0.229132 0.231537 0.201872 0.292966 0.362388 0.385870 0.463006 0.450061 0.343522 0.285835 0.227481 0.186069 0.223829 0.367949 0.299132 0.265314 0.262437 0.262322 0.251873 0.295640 0.293901 0.223181 0.292683 0.362817 0.488927 0.601973 
0.186177 0.217016 0.265195 0.265604 0.350858 0.389035 0.326941 0.380193 0.389423 0.340597 0.358153 0.326210 0.321287 0.309217 0.305450 0.322534 0.259620 0.255429 0.331080 0.381575 0.380577 0.303081 0.241092 0.269926 0.241480 0.225895 0.197180 0.198264 0.279648 0.353897 0.280709 0.284966 0.343776 0.285464 0.261310 0.241816 0.247693 0.259060 0.250588 0.223124 0.186637 0.329834 0.353205 0.365456 0.456700 0.421198 0.332965 0.263856 0.222183 0.208013 0.254426 0.393837 0.301003 0.274449 0.285815 0.305799 0.327570 0.358158 0.283977 0.245752 0.423818 0.494468 0.573798 0.674072 
0.202281 0.217244 0.251440 0.303657 0.385005 0.386228 0.316519 0.354501 0.387732 0.339631 0.323164 0.304043 0.322777 0.301021 0.302873 0.347839 0.316083 0.413146 0.421562 0.464612 0.495394 0.246516 0.176875 0.238282 0.261497 0.298810 0.212813 0.179875 0.278044 0.333577 0.258642 0.230593 0.299161 0.286583 0.230321 0.217459 0.233691 0.256308 0.266111 0.216241 0.187686 0.297262 0.293879 0.322581 0.406881 0.371294 0.312654 0.241601 0.221725 0.237219 0.301655 0.440529 0.302456 0.258322 0.286543 0.359402 0.417443 0.392485 0.243465 0.253932 0.635782 0.612444 0.608451 0.731491 
0.216158 0.220702 0.267820 0.323348 0.385623 0.381645 0.272229 0.334612 0.408552 0.322474 0.327217 0.305388 0.298349 0.298180 0.300300 0.349552 0.362451 0.359051 0.439801 0.492980 0.400007 0.214733 0.160751 0.172063 0.274915 0.319948 0.209861 0.168722 0.228805 0.269084 0.227997 0.221577 0.281901 0.280812 0.222713 0.216159 0.238630 0.256850 0.237308 0.198767 0.202880 0.261905 0.250019 0.257237 0.363261 0.397056 0.317403 0.238590 0.217581 0.250473 0.355483 0.486277 0.278401 0.226160 0.323184 0.422760 0.491781 0.424951 0.226920 0.252771 0.642792 0.585867 0.730319 0.700230 
0.207246 0.235650 0.301241 0.330397 0.351465 0.359591 0.228576 0.277364 0.447242 0.308695 0.404088 0.333098 0.310443 0.325904 0.325879 0.352027 0.297563 0.285672 0.385618 0.438546 0.332075 0.220158 0.157509 0.171143 0.241140 0.251229 0.181144 0.190891 0.252246 0.254385 0.214562 0.228349 0.288463 0.301820 0.256565 0.210307 0.184560 0.215552 0.221072 0.204069 0.237147 0.275246 0.242842 0.241047 0.373377 0.387759 0.308226 0.235775 0.225976 0.281702 0.413122 0.475333 0.281159 0.209085 0.333868 0.496097 0.535029 0.402538 0.263332 0.247477 0.435365 0.733865 0.806151 0.697643 
0.209509 0.212687 0.287279 0.301983 0.301561 0.276159 0.174567 0.185279 0.361664 0.607180 0.436598 0.324567 0.336669 0.442750 0.430730 0.350499 0.272683 0.277208 0.321988 0.375604 0.321413 0.222819 0.172601 0.211177 0.222561 0.197958 0.186548 0.276986 0.300961 0.243736 0.211548 0.223275 0.254734 0.268992 0.246001 0.186782 0.158621 0.175244 0.224756 0.262723 0.272760 0.268019 0.210961 0.211624 0.334479 0.334116 0.286234 0.267242 0.276413 0.337658 0.468424 0.432838 0.310560 0.222513 0.320572 0.430589 0.426560 0.347122 0.293283 0.263671 0.326330 0.617467 0.626796 0.566749 
0.200409 0.192336 0.240602 0.305617 0.252860 0.198468 0.156592 0.169973 0.307910 0.474573 0.403451 0.323195 0.313835 0.376436 0.385281 0.315966 0.266987 0.270982 0.289262 0.316008 0.283677 0.224411 0.202659 0.225090 0.263019 0.352481 0.397920 0.395123 0.314617 0.245965 0.211624 0.221442 0.227685 0.207275 0.204693 0.175930 0.168643 0.185070 0.233703 0.281032 0.292394 0.244766 0.195467 0.196140 0.313662 0.353520 0.309922 0.385598 0.620681 0.589710 0.447573 0.304399 0.259917 0.242477 0.289000 0.379180 0.366165 0.303674 0.268853 0.246822 0.266635 0.352630 0.322737 0.349111 
0.177606 0.160258 0.243676 0.316653 0.260730 0.198042 0.166250 0.184227 0.220762 0.298012 0.364003 0.326132 0.295904 0.322230 0.336777 0.297589 0.256285 0.279065 0.275475 0.274402 0.245430 0.225724 0.198417 0.214422 0.281965 0.389959 0.391208 0.327730 0.356537 0.278496 0.249072 0.265198 0.201256 0.169418 0.163157 0.175908 0.182742 0.197705 0.229194 0.267341 0.270716 0.218785 0.204434 0.224890 0.245761 0.356665 0.354853 0.565293 0.729535 0.527192 0.324379 0.259812 0.242486 0.441665 0.457351 0.407206 0.349026 0.281309 0.236823 0.225086 0.318483 0.415068 0.438010 0.437434 
0.157147 0.148520 0.206144 0.245483 0.246427 0.215972 0.163069 0.153655 0.208805 0.317304 0.349701 0.318805 0.287888 0.302841 0.323999 0.301133 0.278293 0.298846 0.284683 0.257593 0.222378 0.194508 0.191069 0.200545 0.242694 0.346674 0.349429 0.267746 0.279643 0.262058 0.315257 0.321499 0.161926 0.150155 0.153891 0.159013 0.181837 0.211941 0.226262 0.293410 0.280336 0.214839 0.210583 0.247618 0.286537 0.298975 0.298409 0.733753 0.798725 0.325887 0.255433 0.224749 0.620657 0.943588 0.711242 0.387110 0.294649 0.262294 0.247944 0.279028 0.470722 0.596579 0.554255 0.488193 
0.162905 0.147189 0.157975 0.159220 0.169602 0.191357 0.174278 0.147710 0.245415 0.276671 0.327720 0.329796 0.309036 0.304017 0.323417 0.288038 0.284798 0.299052 0.269304 0.249996 0.225191 0.208414 0.196177 0.211864 0.244979 0.321933 0.382378 0.285828 0.242482 0.268028 0.319054 0.262434 0.145501 0.148111 0.165096 0.155812 0.169340 0.193500 0.310399 0.394061 0.321537 0.247631 0.236661 0.283946 0.332025 0.284130 0.372756 0.827976 0.790423 0.343518 0.193645 0.337887 0.848853 0.862200 0.471091 0.286674 0.242709 0.252354 0.302960 0.432838 0.593260 0.683485 0.510377 0.404095 
0.162221 0.150669 0.140792 0.142379 0.140647 0.153119 0.176486 0.178555 0.216034 0.231226 0.302368 0.353598 0.353667 0.303917 0.292675 0.267717 0.273185 0.267638 0.287066 0.291559 0.267454 0.256939 0.240848 0.245015 0.296450 0.364459 0.389613 0.301551 0.279802 0.307329 0.300989 0.214976 0.167242 0.162268 0.170585 0.167402 0.168308 0.181075 0.255067 0.282076 0.277393 0.310782 0.325172 0.323223 0.294826 0.324671 0.419771 0.589326 0.913701 0.378636 0.019452 0.614461 0.985546 0.618600 0.326165 0.263147 0.221502 0.272625 0.493528 0.524497 0.536785 0.738791 0.559004 0.346797 
0.180222 0.152423 0.156514 0.168235 0.165379 0.161620 0.180152 0.196642 0.219601 0.227040 0.275882 0.366921 0.370326 0.312105 0.273923 0.260488 0.260162 0.276232 0.315512 0.335772 0.315447 0.326261 0.327256 0.321029 0.366201 0.381856 0.335590 0.303222 0.343992 0.339633 0.294242 0.227901 0.196928 0.186338 0.185826 0.192288 0.195049 0.207429 0.216513 0.220564 0.272363 0.409112 0.375533 0.342183 0.309332 0.340721 0.296837 0.250060 0.902887 0.447378 0.130761 0.460769 0.791182 0.536530 0.291743 0.254867 0.227375 0.353727 0.786776 0.909604 0.920758 0.698936 0.424090 0.353971 
