0.348512 0.348512 0.348512 0.348512 0.348512 0.348512 0.348512 0.348512 0.348512 0.348512 0.348512 0.348512 0.348512 0.348512 0.348512 0.348512 0.348512 0.348512 0.348512 0.348512 0.348512 0.348512 0.348512 0.348512 0.348512 0.348512 0.348512 0.348512 0.348512 0.348512 0.348512 0.348512 0.348512 0.348512 0.348512 0.348512 0.348512 0.348512 0.348512 0.348512 0.348512 0.348512 0.348512 0.348512 0.348512 0.348512 0.348512 0.348512 0.348512 0.348512 0.348512 0.348512 0.348512 0.348512 0.348512 0.348512 0.348512 0.348512 0.348512 0.348512 0.348512 0.348512 0.348512 0.348512 
0.432010 0.381089 0.308066 0.303234 0.369114 0.390697 0.329674 0.305141 0.334469 0.353836 0.326490 0.292131 0.277668 0.269040 0.268903 0.276358 0.269663 0.260947 0.292776 0.346483 0.356496 0.330685 0.302764 0.296375 0.292269 0.282886 0.279498 0.271012 0.264160 0.262682 0.255537 0.295185 0.359981 0.327369 0.261917 0.241628 0.266714 0.286549 0.285858 0.277432 0.274999 0.279531 0.281536 0.271517 0.270506 0.282848 0.290181 0.312618 0.340180 0.329408 0.294712 0.276400 0.275159 0.273553 0.280675 0.307350 0.325047 0.324328 0.329034 0.344857 0.342754 0.330744 0.330271 0.335732 
0.394268 0.319425 0.265495 0.274556 0.331182 0.365366 0.340353 0.306563 0.305146 0.313869 0.307427 0.291835 0.284989 0.283467 0.280287 0.282223 0.284645 0.280180 0.323621 0.368684 0.344741 0.317673 0.304522 0.298555 0.298425 0.289913 0.282235 0.276155 0.257664 0.244042 0.262587 0.305516 0.339133 0.316461 0.266763 0.246725 0.258866 0.268550 0.268013 0.267418 0.277069 0.286385 0.283500 0.279919 0.276994 0.275264 0.277467 0.295231 0.323299 0.325243 0.296236 0.276348 0.267410 0.268155 0.283084 0.303330 0.312119 0.311851 0.311513 0.331846 0.347734 0.348919 0.353544 0.359686 
0.241325 0.254576 0.257585 0.257098 0.269662 0.266383 0.255814 0.261645 0.279114 0.281992 0.276261 0.281537 0.285733 0.294209 0.306054 0.318544 0.314884 0.302147 0.312879 0.327271 0.311911 0.310927 0.341740 0.338073 0.310069 0.307555 0.311043 0.286515 0.260020 0.244835 0.243201 0.280528 0.327902 0.314782 0.272476 0.253029 0.264094 0.280335 0.273221 0.260283 0.273706 0.293486 0.288752 0.279836 0.277208 0.285283 0.291165 0.285436 0.296605 0.309462 0.292425 0.281885 0.283473 0.276600 0.274324 0.284308 0.295202 0.303529 0.313238 0.332617 0.351270 0.347520 0.329353 0.321420 
0.256942 0.240525 0.238511 0.251547 0.248200 0.235017 0.232992 0.250064 0.274763 0.276928 0.265464 0.272852 0.296021 0.330821 0.342213 0.305481 0.291146 0.345851 0.347707 0.298176 0.317050 0.368330 0.336794 0.303171 0.301564 0.312959 0.299598 0.280102 0.265282 0.251725 0.255793 0.283032 0.300433 0.303955 0.287633 0.262995 0.278026 0.308251 0.297116 0.274210 0.287526 0.315679 0.311154 0.282718 0.271446 0.295928 0.307805 0.290518 0.289800 0.296931 0.289512 0.284491 0.271900 0.261196 0.274037 0.295607 0.307208 0.315465 0.318257 0.320191 0.331945 0.325966 0.300061 0.293560 
0.240660 0.245789 0.247608 0.265704 0.263774 0.246525 0.242267 0.245963 0.252444 0.255247 0.249599 0.245302 0.255035 0.308900 0.346919 0.308030 0.285003 0.314484 0.331224 0.314725 0.340492 0.412275 0.384322 0.303939 0.281918 0.308406 0.338271 0.326633 0.287064 0.256226 0.251640 0.276347 0.318435 0.336868 0.310254 0.278648 0.270335 0.275885 0.273872 0.269165 0.286092 0.309118 0.297942 0.269933 0.271831 0.313048 0.342237 0.321229 0.301328 0.310464 0.312536 0.298512 0.288539 0.279540 0.272334 0.274573 0.281683 0.290876 0.309549 0.318853 0.310759 0.318744 0.324477 0.315673 
0.282951 0.268412 0.244874 0.234853 0.235910 0.248316 0.258106 0.263041 0.263251 0.257136 0.254241 0.256275 0.258039 0.305825 0.356008 0.317358 0.277860 0.290901 0.312019 0.326756 0.324225 0.351275 0.413360 0.373396 0.298491 0.285677 0.338151 0.350744 0.307881 0.279296 0.273846 0.292159 0.325605 0.322358 0.289493 0.274081 0.276052 0.286004 0.288708 0.285395 0.292631 0.290519 0.284016 0.289431 0.284034 0.305513 0.340593 0.324218 0.327047 0.350370 0.326693 0.287124 0.275654 0.277004 0.272731 0.269771 0.282180 0.302323 0.304668 0.292692 0.310993 0.343748 0.336368 0.317203 
0.306019 0.294218 0.276776 0.262751 0.254524 0.252210 0.264614 0.286481 0.292860 0.277210 0.254052 0.269129 0.318780 0.372418 0.413980 0.406774 0.389342 0.351689 0.303849 0.287448 0.302624 0.356438 0.425486 0.412220 0.320748 0.275786 0.308439 0.334840 0.301106 0.276008 0.278755 0.289477 0.289093 0.287783 0.295531 0.280171 0.260546 0.271031 0.287673 0.279523 0.269592 0.278528 0.285537 0.274119 0.265549 0.291080 0.321710 0.317517 0.318234 0.336180 0.338280 0.309553 0.278667 0.261880 0.262919 0.279724 0.298502 0.313575 0.323165 0.324463 0.331728 0.349952 0.347036 0.332355 
0.293668 0.315076 0.341827 0.323968 0.292181 0.283413 0.276730 0.266274 0.263694 0.264651 0.255222 0.264757 0.333974 0.393194 0.378388 0.367907 0.336494 0.295778 0.279317 0.293992 0.320875 0.368602 0.421037 0.403205 0.336104 0.295145 0.291285 0.296167 0.284867 0.269005 0.264170 0.268553 0.275949 0.295435 0.308837 0.308586 0.303929 0.293405 0.279691 0.275164 0.275663 0.274651 0.277811 0.282201 0.277613 0.277513 0.297923 0.303460 0.299170 0.321972 0.317610 0.280411 0.262113 0.264176 0.273176 0.279109 0.274516 0.291361 0.320191 0.337876 0.345187 0.334059 0.305895 0.295108 
0.318122 0.280992 0.280887 0.301892 0.289898 0.272505 0.269279 0.263311 0.249975 0.244242 0.244648 0.276159 0.353305 0.368755 0.314495 0.357471 0.322504 0.270697 0.266931 0.287288 0.306448 0.333829 0.389512 0.419977 0.358696 0.298432 0.278678 0.285719 0.287726 0.276606 0.264025 0.252608 0.254803 0.313730 0.376296 0.346586 0.291531 0.270817 0.279249 0.300982 0.312778 0.309901 0.304711 0.301640 0.296684 0.290604 0.303814 0.310138 0.303991 0.318788 0.315461 0.277499 0.253767 0.264876 0.283449 0.275534 0.267125 0.280112 0.295518 0.308047 0.336702 0.346044 0.326315 0.315877 
0.353781 0.306774 0.283043 0.274588 0.268100 0.271002 0.278814 0.275128 0.261404 0.256102 0.252826 0.264684 0.335810 0.380874 0.347295 0.407214 0.323720 0.267226 0.241447 0.267864 0.293179 0.305366 0.328463 0.384413 0.433103 0.357893 0.315152 0.314625 0.318785 0.298691 0.281640 0.268340 0.267854 0.309329 0.358393 0.352069 0.314186 0.293478 0.302762 0.314046 0.321757 0.320660 0.308281 0.289046 0.281981 0.290500 0.311619 0.328238 0.332508 0.336253 0.327795 0.299779 0.281374 0.284305 0.278245 0.265829 0.271249 0.274150 0.281949 0.312171 0.341417 0.337098 0.324199 0.326008 
0.332821 0.321960 0.300741 0.284600 0.269982 0.257593 0.257731 0.269693 0.288960 0.290142 0.262713 0.257434 0.320603 0.354347 0.333991 0.335581 0.301863 0.252896 0.245404 0.271790 0.298140 0.327700 0.333898 0.354136 0.410173 0.375318 0.328213 0.319324 0.351459 0.369681 0.331663 0.284187 0.267407 0.275565 0.299597 0.332110 0.326334 0.293838 0.286889 0.309112 0.309317 0.299098 0.297623 0.296952 0.290229 0.281909 0.283250 0.301341 0.331567 0.342753 0.316416 0.284979 0.273488 0.272247 0.271288 0.270678 0.274232 0.275119 0.271962 0.277706 0.311221 0.344026 0.351944 0.347864 
0.354917 0.330712 0.307183 0.293700 0.278073 0.262180 0.261348 0.266020 0.267427 0.270804 0.268106 0.275093 0.332153 0.359685 0.352817 0.376524 0.335084 0.273677 0.252159 0.262414 0.287623 0.311283 0.313493 0.350106 0.407686 0.363605 0.310202 0.299295 0.315533 0.337758 0.342147 0.320650 0.304503 0.303367 0.308594 0.330310 0.338564 0.316767 0.299348 0.303606 0.308951 0.311526 0.316656 0.326034 0.318409 0.307500 0.327588 0.357801 0.361454 0.340673 0.306669 0.285114 0.282421 0.295002 0.307752 0.295282 0.278224 0.285091 0.285486 0.267115 0.266955 0.298296 0.331254 0.347086 
0.312112 0.312524 0.303955 0.298155 0.307109 0.297573 0.271779 0.263338 0.264249 0.261232 0.257260 0.256301 0.310741 0.380116 0.376378 0.342312 0.317728 0.298000 0.288717 0.297569 0.317310 0.337556 0.343240 0.378516 0.419039 0.360147 0.308204 0.292967 0.301096 0.310862 0.322343 0.333917 0.315316 0.280053 0.277627 0.304628 0.314130 0.314901 0.310362 0.296361 0.297051 0.323935 0.353440 0.353636 0.333955 0.330312 0.329847 0.325032 0.329261 0.339061 0.329579 0.297248 0.278652 0.297858 0.315304 0.301944 0.286577 0.282862 0.280444 0.284132 0.304939 0.314826 0.313384 0.320962 
0.313842 0.324365 0.316068 0.298867 0.296394 0.307207 0.315000 0.303630 0.282403 0.272060 0.263808 0.246742 0.276452 0.337701 0.407071 0.319137 0.269052 0.263224 0.268943 0.268597 0.290055 0.331023 0.347042 0.373737 0.393582 0.347520 0.308425 0.299149 0.297607 0.309476 0.326290 0.331919 0.323579 0.305675 0.297022 0.295858 0.302087 0.333594 0.363379 0.359663 0.339894 0.328140 0.339538 0.338902 0.319646 0.302841 0.298934 0.300756 0.307621 0.331437 0.349051 0.321045 0.285636 0.288526 0.329430 0.336369 0.303554 0.284852 0.282318 0.285638 0.296962 0.301060 0.293969 0.294799 
0.303348 0.303897 0.303634 0.301604 0.298011 0.294468 0.289872 0.294743 0.294051 0.276352 0.261284 0.250818 0.290822 0.321035 0.376566 0.313435 0.296666 0.287365 0.266784 0.255095 0.277128 0.331556 0.379444 0.403287 0.382778 0.336177 0.302918 0.294387 0.303402 0.313119 0.307723 0.306504 0.315309 0.306920 0.285471 0.275558 0.286323 0.328570 0.364948 0.359087 0.331032 0.308548 0.298345 0.320093 0.327236 0.295385 0.265037 0.272738 0.327127 0.374970 0.356446 0.326624 0.307999 0.300047 0.311473 0.319734 0.296645 0.275500 0.282336 0.290976 0.280504 0.279081 0.301908 0.324077 
0.282827 0.300631 0.322454 0.318595 0.298968 0.293025 0.296546 0.290534 0.281827 0.274407 0.258927 0.241935 0.289729 0.338815 0.389361 0.320827 0.296597 0.275549 0.274861 0.282379 0.277082 0.283868 0.332658 0.408807 0.423028 0.339644 0.306530 0.328028 0.349778 0.356213 0.338435 0.318531 0.322066 0.314307 0.293973 0.287163 0.276860 0.303672 0.382339 0.412712 0.331773 0.280523 0.303889 0.361002 0.347702 0.291120 0.264135 0.264823 0.298074 0.338653 0.337801 0.309331 0.296788 0.310249 0.318331 0.304339 0.284495 0.278684 0.288488 0.301239 0.296174 0.284029 0.291166 0.312810 
0.302067 0.307320 0.314970 0.319472 0.327944 0.327179 0.305435 0.282030 0.277800 0.282532 0.281386 0.268469 0.305366 0.363999 0.399590 0.320131 0.263517 0.270876 0.311643 0.306280 0.283442 0.291702 0.349579 0.403733 0.369329 0.321930 0.321271 0.369521 0.392079 0.382721 0.356759 0.326506 0.318756 0.315445 0.299055 0.289634 0.278985 0.279983 0.338675 0.414515 0.354098 0.284862 0.305652 0.379603 0.390174 0.304687 0.262176 0.270156 0.294895 0.315857 0.307563 0.284066 0.278610 0.295246 0.314816 0.313082 0.303041 0.302323 0.299770 0.288908 0.284577 0.289225 0.285889 0.284521 
0.317882 0.308693 0.297674 0.292226 0.304301 0.318121 0.310825 0.295303 0.287459 0.282123 0.301558 0.312343 0.320400 0.373125 0.403438 0.325634 0.264982 0.254613 0.287513 0.307978 0.285857 0.273369 0.325616 0.353850 0.328392 0.323107 0.342152 0.353866 0.362537 0.363288 0.351960 0.333194 0.317952 0.304007 0.291216 0.286528 0.290125 0.284353 0.301013 0.366823 0.383792 0.360865 0.408495 0.460516 0.428963 0.326750 0.280723 0.303226 0.313760 0.287988 0.274900 0.271107 0.267681 0.281672 0.305466 0.311047 0.316634 0.323841 0.308983 0.293788 0.301170 0.302529 0.282910 0.275255 
0.312268 0.300479 0.295237 0.292208 0.279401 0.269284 0.276878 0.291017 0.291089 0.304329 0.365966 0.362828 0.308574 0.399055 0.455633 0.377346 0.300395 0.263271 0.274591 0.287323 0.273855 0.279427 0.328906 0.342319 0.324157 0.314287 0.328434 0.382799 0.403265 0.340454 0.314925 0.325898 0.307035 0.285348 0.305292 0.343995 0.366956 0.326944 0.288696 0.326338 0.372424 0.371224 0.397161 0.425309 0.427881 0.405489 0.350075 0.304558 0.276680 0.266908 0.267837 0.269129 0.263816 0.260252 0.274869 0.306402 0.323215 0.310487 0.292612 0.303763 0.312589 0.295988 0.284611 0.294797 
0.335745 0.317594 0.310468 0.312234 0.303358 0.285388 0.280945 0.292940 0.298546 0.338785 0.409453 0.389235 0.315018 0.402283 0.423986 0.331211 0.280856 0.272413 0.292582 0.302924 0.287376 0.283004 0.319114 0.341239 0.324550 0.305313 0.343864 0.414699 0.401240 0.315824 0.279828 0.294251 0.314409 0.328695 0.358769 0.377558 0.350103 0.304036 0.287506 0.336312 0.399141 0.416506 0.405213 0.390015 0.381307 0.355374 0.326260 0.294418 0.274997 0.265085 0.256162 0.258415 0.287279 0.299617 0.276555 0.267908 0.303876 0.337298 0.330763 0.314021 0.309712 0.306413 0.302061 0.308213 
0.326211 0.299592 0.285091 0.286086 0.283244 0.274806 0.279800 0.311149 0.313137 0.326359 0.378842 0.371968 0.302255 0.365804 0.360384 0.297957 0.272763 0.290952 0.311707 0.300472 0.310038 0.356654 0.349873 0.308712 0.291385 0.336405 0.410113 0.437117 0.364173 0.302541 0.276103 0.323075 0.356790 0.345675 0.386227 0.417226 0.378151 0.315336 0.287124 0.337070 0.426507 0.463513 0.408386 0.355505 0.333685 0.345760 0.329693 0.295228 0.278654 0.280732 0.303581 0.351588 0.406240 0.378061 0.288205 0.249796 0.261855 0.302573 0.344247 0.335164 0.303888 0.293917 0.295128 0.302661 
0.316593 0.327446 0.326057 0.315518 0.299929 0.278516 0.277833 0.300910 0.299006 0.305086 0.365991 0.386142 0.358164 0.407998 0.422947 0.335642 0.299638 0.313239 0.338321 0.359454 0.400905 0.370312 0.302191 0.277214 0.298599 0.358911 0.410264 0.345435 0.293418 0.292021 0.323717 0.384015 0.378631 0.326149 0.351384 0.385632 0.349955 0.302588 0.277631 0.289792 0.358818 0.436179 0.458899 0.420216 0.435565 0.462605 0.425899 0.407918 0.436040 0.469756 0.483765 0.478755 0.444047 0.354013 0.295230 0.261572 0.277252 0.323006 0.342001 0.315637 0.302193 0.306893 0.302193 0.302854 
0.353351 0.315635 0.291460 0.290289 0.284245 0.273486 0.276917 0.271805 0.298548 0.321635 0.319566 0.317177 0.434893 0.442652 0.443270 0.376457 0.313780 0.288959 0.323932 0.354210 0.376694 0.358754 0.301145 0.268630 0.286622 0.343983 0.359945 0.319964 0.337450 0.411979 0.396691 0.333642 0.306095 0.321562 0.383193 0.431812 0.360515 0.303005 0.287806 0.297206 0.337970 0.410819 0.465742 0.486413 0.476084 0.461009 0.460641 0.476991 0.476781 0.474278 0.467681 0.408597 0.355589 0.337983 0.329303 0.294770 0.290019 0.326827 0.323800 0.285580 0.255504 0.247210 0.271489 0.311246 
0.473440 0.431659 0.406585 0.396965 0.404346 0.416830 0.423595 0.371520 0.351330 0.392440 0.465997 0.437154 0.392368 0.362717 0.424361 0.456272 0.438203 0.415989 0.417156 0.412619 0.420600 0.416680 0.364590 0.331901 0.352431 0.411011 0.444325 0.432972 0.441797 0.376086 0.326432 0.318511 0.353767 0.399042 0.432725 0.446215 0.394581 0.350635 0.328271 0.323019 0.348419 0.408643 0.460542 0.483863 0.481525 0.475474 0.473473 0.483918 0.444496 0.452008 0.413360 0.367931 0.315541 0.305613 0.330944 0.325610 0.313066 0.318741 0.313491 0.281758 0.260930 0.265614 0.296686 0.330877 
0.423991 0.456819 0.462002 0.464655 0.467180 0.453338 0.465806 0.468551 0.473808 0.426952 0.349762 0.393602 0.339378 0.344524 0.409616 0.453798 0.448940 0.456928 0.426767 0.422508 0.448962 0.423749 0.421353 0.448958 0.456474 0.462865 0.429600 0.428732 0.374757 0.301070 0.279512 0.323308 0.387171 0.413595 0.409387 0.400104 0.388812 0.394458 0.414532 0.387755 0.377483 0.414249 0.473077 0.453365 0.466323 0.469052 0.447002 0.460345 0.448956 0.420572 0.335221 0.288581 0.281935 0.282180 0.284590 0.320740 0.331313 0.312198 0.303973 0.289231 0.270663 0.263899 0.264268 0.280330 
0.379267 0.411784 0.420217 0.424750 0.438943 0.425525 0.400305 0.378411 0.395863 0.395141 0.380901 0.418498 0.364417 0.327524 0.344974 0.386482 0.401897 0.417620 0.445819 0.459988 0.417101 0.350529 0.345244 0.350751 0.380625 0.436236 0.403010 0.338680 0.294036 0.289024 0.329774 0.374062 0.407043 0.375850 0.314164 0.298437 0.336598 0.351754 0.319671 0.296490 0.340203 0.416300 0.468954 0.476658 0.481094 0.483303 0.484363 0.481981 0.403658 0.315675 0.267137 0.286677 0.311066 0.311803 0.300260 0.286346 0.281065 0.277082 0.283510 0.305626 0.317550 0.305930 0.284655 0.281843 
0.388539 0.415787 0.436524 0.440720 0.433526 0.425966 0.417347 0.419971 0.461381 0.452965 0.437764 0.447444 0.380401 0.351650 0.409232 0.390569 0.320779 0.325385 0.358245 0.411408 0.371838 0.371627 0.375561 0.375993 0.396983 0.449505 0.397945 0.324493 0.276871 0.282908 0.334295 0.387812 0.396107 0.376982 0.334947 0.309254 0.318581 0.312334 0.282718 0.315455 0.401608 0.475075 0.476425 0.470472 0.468723 0.464904 0.482661 0.440705 0.401911 0.407536 0.435143 0.439855 0.400064 0.367448 0.355832 0.325757 0.299521 0.293506 0.275564 0.261866 0.270243 0.275727 0.280151 0.295123 
0.346003 0.403489 0.426608 0.424406 0.442882 0.448145 0.430800 0.428216 0.442035 0.455204 0.427524 0.462978 0.429222 0.415824 0.403400 0.328389 0.314574 0.368632 0.451783 0.403347 0.377174 0.394798 0.422137 0.404074 0.405164 0.446562 0.439842 0.373318 0.303827 0.266820 0.297804 0.377403 0.423990 0.373759 0.318576 0.300416 0.300106 0.290660 0.322494 0.401769 0.465272 0.480541 0.465523 0.482558 0.467377 0.462027 0.390140 0.339195 0.367129 0.407944 0.370034 0.351853 0.358186 0.334862 0.306167 0.303088 0.309691 0.320139 0.304768 0.273992 0.263815 0.268574 0.273484 0.290455 
0.342368 0.397424 0.410019 0.401897 0.422107 0.430350 0.412893 0.404615 0.391170 0.414021 0.393178 0.458562 0.433633 0.363850 0.289278 0.296745 0.330616 0.389189 0.314063 0.286165 0.282529 0.354670 0.407654 0.361616 0.353425 0.406486 0.457179 0.388253 0.323096 0.279476 0.282483 0.339744 0.411775 0.396539 0.337752 0.305385 0.286687 0.299701 0.370815 0.450645 0.483358 0.466776 0.464491 0.471143 0.470957 0.447680 0.316085 0.291903 0.309688 0.300542 0.255726 0.282807 0.349302 0.316857 0.257642 0.250204 0.266856 0.275565 0.319923 0.323259 0.268161 0.249285 0.276746 0.298193 
0.392270 0.424247 0.419940 0.404216 0.393008 0.375330 0.390690 0.438530 0.460201 0.424296 0.370628 0.331435 0.337105 0.338313 0.354796 0.332310 0.342561 0.299443 0.288547 0.271455 0.284566 0.315705 0.357664 0.386029 0.410113 0.441474 0.389251 0.334470 0.291532 0.293141 0.338122 0.404207 0.427586 0.378677 0.348418 0.317943 0.294822 0.306307 0.336831 0.350639 0.350869 0.360499 0.368586 0.364343 0.368029 0.338060 0.284387 0.262947 0.269186 0.276219 0.285903 0.324771 0.343777 0.293655 0.248591 0.256523 0.278595 0.284954 0.303488 0.307430 0.286902 0.274521 0.274411 0.284135 
0.395773 0.429090 0.426993 0.422159 0.421893 0.418490 0.418009 0.441260 0.475518 0.446152 0.434758 0.423725 0.368149 0.333770 0.343698 0.369994 0.302675 0.288392 0.275879 0.290761 0.293284 0.286780 0.290674 0.342746 0.407062 0.430250 0.379057 0.309813 0.270393 0.257240 0.275027 0.337222 0.405862 0.387802 0.319224 0.281926 0.272574 0.271279 0.295863 0.327454 0.350645 0.361758 0.369605 0.368275 0.358074 0.326078 0.281201 0.275927 0.306667 0.305002 0.282418 0.298802 0.318745 0.287048 0.268230 0.312024 0.312361 0.278952 0.278014 0.282827 0.274438 0.264565 0.263490 0.287330 
0.437490 0.442203 0.407215 0.397146 0.399110 0.400221 0.413060 0.397678 0.388731 0.405021 0.414341 0.466918 0.474491 0.388032 0.366290 0.313054 0.296298 0.268528 0.277198 0.276486 0.265471 0.274759 0.286686 0.305103 0.369942 0.447508 0.425659 0.353197 0.333508 0.308464 0.271267 0.307126 0.377629 0.371069 0.300918 0.263851 0.267841 0.296125 0.355525 0.402562 0.397121 0.397366 0.419508 0.442130 0.440227 0.413640 0.412961 0.446790 0.468547 0.451017 0.410441 0.414872 0.404125 0.447814 0.431477 0.402173 0.369704 0.355458 0.369980 0.358106 0.305328 0.266219 0.258034 0.274881 
0.366746 0.382343 0.339148 0.308056 0.306899 0.287745 0.292028 0.340105 0.401576 0.375191 0.394841 0.336142 0.404118 0.375211 0.310445 0.277376 0.271328 0.278302 0.280340 0.276792 0.261601 0.252928 0.268342 0.293842 0.284105 0.289672 0.356442 0.378374 0.313494 0.282967 0.295410 0.356897 0.424624 0.364661 0.296341 0.265241 0.302258 0.384988 0.467927 0.479908 0.474191 0.486104 0.482234 0.481421 0.484235 0.475697 0.473180 0.430637 0.393836 0.414812 0.417962 0.403299 0.385931 0.377830 0.339813 0.292561 0.275150 0.272673 0.262657 0.263626 0.271474 0.284657 0.293269 0.291810 
0.306828 0.310976 0.297720 0.265339 0.241190 0.247649 0.315227 0.402729 0.398016 0.332314 0.406064 0.465522 0.384497 0.316227 0.276458 0.273407 0.277200 0.280410 0.293890 0.305942 0.311008 0.311765 0.314457 0.315052 0.302346 0.318707 0.386695 0.402524 0.342461 0.293022 0.315786 0.376138 0.375438 0.311174 0.269151 0.257736 0.311929 0.396530 0.447270 0.464416 0.430297 0.413089 0.417670 0.439904 0.439045 0.448159 0.401011 0.424551 0.424535 0.409832 0.341953 0.296271 0.293905 0.294956 0.285817 0.277973 0.261680 0.254529 0.257736 0.258669 0.273644 0.287976 0.286608 0.291278 
0.281284 0.280282 0.286770 0.296906 0.339537 0.411155 0.462201 0.444531 0.347296 0.316596 0.366821 0.350410 0.274668 0.259197 0.292972 0.306058 0.292784 0.279439 0.279368 0.303868 0.305455 0.288631 0.302934 0.308829 0.302795 0.295641 0.309020 0.317946 0.325958 0.386435 0.425683 0.356770 0.302428 0.273274 0.261263 0.252568 0.285953 0.358345 0.436557 0.411821 0.399157 0.360465 0.372055 0.366648 0.411106 0.415378 0.448755 0.350251 0.342912 0.341438 0.374615 0.397815 0.425553 0.431364 0.367415 0.369014 0.371098 0.320822 0.304386 0.299103 0.309057 0.352275 0.347103 0.308801 
0.295732 0.286236 0.325066 0.401166 0.450849 0.414427 0.381584 0.360960 0.325833 0.314045 0.317715 0.280320 0.242447 0.238909 0.257365 0.275738 0.291006 0.293053 0.289152 0.289368 0.271464 0.258107 0.269560 0.267914 0.256354 0.259298 0.274068 0.274922 0.296954 0.348841 0.345634 0.316127 0.311600 0.291363 0.262694 0.245412 0.249115 0.290395 0.334216 0.362637 0.388146 0.359615 0.376895 0.376034 0.382096 0.416260 0.471889 0.471814 0.462528 0.468563 0.384188 0.344033 0.350783 0.331061 0.315825 0.328085 0.365399 0.343336 0.284673 0.256610 0.277769 0.352298 0.389411 0.350552 
0.335153 0.328781 0.367289 0.429695 0.424510 0.360372 0.340716 0.344334 0.314541 0.276627 0.253599 0.238947 0.236234 0.242690 0.246266 0.247474 0.256780 0.257661 0.252533 0.274410 0.271387 0.256819 0.264939 0.261236 0.258300 0.262689 0.278563 0.328927 0.377252 0.348904 0.314684 0.325723 0.374284 0.354462 0.288802 0.247301 0.236395 0.258419 0.326460 0.390188 0.346772 0.283122 0.275133 0.334044 0.387237 0.443559 0.435612 0.478194 0.460097 0.466476 0.478685 0.459525 0.434807 0.380393 0.306558 0.279496 0.308374 0.350267 0.340080 0.289347 0.249882 0.254262 0.291471 0.309779 
0.304790 0.286649 0.326093 0.374298 0.360573 0.331753 0.324355 0.314593 0.291535 0.266747 0.264298 0.296531 0.314085 0.298169 0.284946 0.287517 0.305789 0.308331 0.307859 0.341600 0.347429 0.313670 0.311580 0.326709 0.337280 0.338117 0.363313 0.407025 0.420889 0.353581 0.306466 0.328010 0.353122 0.320602 0.278910 0.256060 0.256368 0.295857 0.341832 0.350521 0.328267 0.287027 0.254972 0.303308 0.393638 0.466328 0.461921 0.454947 0.458506 0.471933 0.465511 0.406778 0.335880 0.287763 0.269401 0.254214 0.266497 0.292873 0.282368 0.260076 0.283118 0.340391 0.349572 0.326284 
0.287451 0.266796 0.264459 0.277832 0.288685 0.309806 0.361033 0.375640 0.317318 0.263966 0.288404 0.368472 0.380678 0.345631 0.386084 0.381196 0.403298 0.447030 0.453330 0.451514 0.450772 0.463939 0.465908 0.464907 0.460928 0.453128 0.445890 0.449381 0.380414 0.314072 0.285313 0.282651 0.286317 0.306192 0.318783 0.301779 0.279881 0.282199 0.309162 0.353773 0.344130 0.289145 0.309912 0.377344 0.432956 0.447813 0.453223 0.426109 0.456577 0.427160 0.397232 0.370546 0.360334 0.399707 0.451408 0.414372 0.352729 0.284566 0.267980 0.326383 0.433006 0.440789 0.407107 0.367490 
0.270623 0.276090 0.274712 0.281401 0.301276 0.329353 0.377833 0.387480 0.332802 0.289254 0.283552 0.304835 0.351956 0.414095 0.385608 0.307914 0.302342 0.333043 0.341105 0.332110 0.344095 0.355164 0.392364 0.377104 0.357075 0.346590 0.313572 0.286333 0.295199 0.328907 0.329930 0.308079 0.301016 0.304135 0.320012 0.350164 0.354448 0.322725 0.309685 0.325877 0.322101 0.331450 0.384771 0.383835 0.346195 0.380357 0.436197 0.454254 0.438275 0.408255 0.405939 0.390213 0.425250 0.477279 0.445221 0.458102 0.392929 0.349790 0.320010 0.356753 0.440449 0.452706 0.438976 0.417449 
0.330922 0.316581 0.291800 0.282620 0.289625 0.318918 0.325368 0.297049 0.278217 0.272486 0.259885 0.265789 0.311401 0.384281 0.390138 0.338090 0.312518 0.301715 0.280621 0.267281 0.261866 0.294915 0.373154 0.418115 0.339455 0.283342 0.260117 0.265360 0.295109 0.331055 0.366087 0.368081 0.326214 0.287755 0.296469 0.362191 0.419735 0.372380 0.308699 0.271804 0.269534 0.326584 0.388427 0.389859 0.400391 0.430353 0.421035 0.390830 0.394260 0.428576 0.402686 0.368600 0.404026 0.392685 0.424337 0.445347 0.455064 0.398112 0.400485 0.448689 0.425063 0.375737 0.377592 0.395491 
0.356702 0.325697 0.346000 0.357675 0.327221 0.329196 0.330808 0.292210 0.261303 0.248623 0.250230 0.289405 0.318092 0.314317 0.335425 0.368939 0.338457 0.285840 0.268513 0.268772 0.272306 0.287411 0.308957 0.336866 0.340591 0.312022 0.296401 0.286430 0.278736 0.288965 0.288077 0.282551 0.288430 0.298880 0.338930 0.368642 0.334610 0.293793 0.269245 0.251324 0.254603 0.307913 0.363113 0.367290 0.378810 0.422625 0.380433 0.313150 0.325223 0.404704 0.466562 0.467765 0.420984 0.344625 0.288716 0.301645 0.358447 0.448821 0.407262 0.395070 0.326325 0.267568 0.244944 0.265154 
0.314295 0.329715 0.365571 0.347623 0.332545 0.353565 0.337607 0.309842 0.313590 0.325949 0.348545 0.371155 0.347083 0.316039 0.335717 0.359566 0.328267 0.281308 0.258849 0.255724 0.272884 0.296409 0.305025 0.321132 0.326406 0.302069 0.278549 0.275132 0.302859 0.320592 0.305230 0.290634 0.317272 0.377233 0.387927 0.326166 0.279728 0.297555 0.348638 0.371367 0.361864 0.357484 0.359791 0.360521 0.355391 0.342520 0.335605 0.365040 0.405571 0.430730 0.455352 0.428852 0.354814 0.329337 0.314697 0.321908 0.376774 0.442412 0.411300 0.329049 0.293150 0.279238 0.268936 0.283790 
0.384861 0.397144 0.368052 0.349798 0.333037 0.294071 0.288690 0.307875 0.300083 0.328702 0.366189 0.313231 0.267020 0.301464 0.347205 0.347758 0.323831 0.287964 0.259132 0.250862 0.260010 0.278129 0.288395 0.291978 0.289918 0.280218 0.283926 0.336801 0.390005 0.375131 0.349855 0.340352 0.353927 0.341471 0.285625 0.260045 0.295045 0.334780 0.351360 0.331685 0.331138 0.372349 0.364383 0.317615 0.309097 0.306653 0.297417 0.316746 0.373541 0.429992 0.442118 0.402912 0.351073 0.303086 0.285775 0.312161 0.341951 0.359442 0.347689 0.303957 0.269411 0.259021 0.261139 0.277803 
0.497505 0.445376 0.404565 0.376826 0.338526 0.315042 0.328131 0.349971 0.380136 0.401498 0.350468 0.302751 0.305230 0.353206 0.402363 0.396220 0.343492 0.288604 0.259074 0.249757 0.248088 0.260093 0.282074 0.301847 0.342556 0.401579 0.446619 0.438964 0.353627 0.290519 0.280182 0.335345 0.374801 0.326235 0.283458 0.316085 0.371235 0.344724 0.300841 0.294238 0.326172 0.362495 0.351807 0.324979 0.341750 0.344828 0.317392 0.312752 0.367778 0.427262 0.428887 0.368966 0.386854 0.378098 0.338398 0.317182 0.316046 0.333852 0.344431 0.323444 0.291245 0.271922 0.267217 0.281957 
0.380355 0.369038 0.355334 0.338138 0.338092 0.377745 0.428188 0.471900 0.457361 0.431203 0.367740 0.338034 0.328133 0.317608 0.302857 0.289461 0.282203 0.277173 0.269477 0.265220 0.268762 0.285044 0.298416 0.318503 0.344402 0.388248 0.439864 0.438398 0.357614 0.308950 0.332592 0.361222 0.309797 0.266108 0.286425 0.318058 0.321673 0.312468 0.293958 0.290350 0.328242 0.366814 0.357021 0.334102 0.329195 0.328101 0.350546 0.410276 0.465474 0.468360 0.468967 0.445409 0.435354 0.383946 0.350209 0.321490 0.312855 0.348384 0.362230 0.324114 0.302790 0.293303 0.284560 0.293043 
0.252724 0.295692 0.341684 0.331294 0.322600 0.373436 0.443472 0.432115 0.389613 0.363355 0.363030 0.347670 0.322208 0.339231 0.395908 0.435540 0.447635 0.430474 0.408439 0.440923 0.426877 0.436364 0.439205 0.462113 0.380991 0.336230 0.364121 0.421539 0.450538 0.475840 0.415190 0.364349 0.366181 0.379193 0.370443 0.341910 0.305719 0.271726 0.261441 0.277965 0.307055 0.350773 0.375302 0.344905 0.340346 0.355013 0.361571 0.373088 0.343021 0.324453 0.361063 0.371193 0.332015 0.285780 0.268110 0.282106 0.284732 0.300387 0.323863 0.297190 0.253399 0.235772 0.271929 0.329761 
0.258088 0.278293 0.328206 0.367419 0.410816 0.445546 0.432553 0.423326 0.403341 0.379493 0.386330 0.384289 0.357612 0.338136 0.371609 0.433009 0.468281 0.393833 0.360323 0.413455 0.431117 0.399900 0.397717 0.438685 0.351760 0.293748 0.302154 0.356967 0.378981 0.378177 0.394262 0.426501 0.461024 0.442290 0.386235 0.315533 0.278719 0.282099 0.283983 0.270317 0.263473 0.295168 0.343371 0.370408 0.365052 0.326370 0.289441 0.304772 0.344866 0.345320 0.333530 0.354130 0.383228 0.373497 0.352994 0.356124 0.362192 0.360608 0.347180 0.334285 0.323273 0.311204 0.309352 0.321689 
0.261826 0.265208 0.329020 0.390900 0.446564 0.418716 0.402591 0.393171 0.353884 0.335257 0.344162 0.356769 0.369190 0.376436 0.360942 0.382347 0.384220 0.313453 0.297910 0.366040 0.442285 0.445455 0.443023 0.422921 0.330859 0.283648 0.318977 0.407069 0.460606 0.442672 0.428082 0.391998 0.328741 0.292955 0.323040 0.352736 0.317578 0.285428 0.270059 0.249626 0.247157 0.285001 0.318721 0.344974 0.375647 0.355112 0.332383 0.352359 0.401218 0.436679 0.387413 0.372943 0.423475 0.454819 0.450034 0.438188 0.387591 0.333682 0.325152 0.343223 0.348974 0.345195 0.346314 0.346330 
0.240030 0.257986 0.317242 0.386153 0.429321 0.458303 0.406253 0.357214 0.357369 0.353989 0.331629 0.325074 0.330055 0.321995 0.307167 0.316046 0.327344 0.291149 0.270093 0.328642 0.416153 0.438337 0.432044 0.368574 0.317652 0.284030 0.275518 0.331925 0.416720 0.390318 0.353531 0.319050 0.282259 0.275767 0.317982 0.366164 0.347677 0.313662 0.297811 0.269187 0.250646 0.290879 0.347293 0.391961 0.391435 0.347805 0.309081 0.276029 0.245508 0.274882 0.331414 0.327145 0.277459 0.246347 0.242807 0.277450 0.318436 0.322541 0.288096 0.259103 0.252480 0.261752 0.298279 0.343398 
0.239869 0.279584 0.314394 0.316924 0.363498 0.409547 0.398309 0.409044 0.394692 0.358612 0.345944 0.342247 0.316512 0.287698 0.279044 0.283840 0.291450 0.287755 0.284866 0.332331 0.413426 0.446108 0.410428 0.363744 0.313415 0.273095 0.255057 0.263953 0.304920 0.356672 0.361420 0.319179 0.293322 0.289484 0.294118 0.328603 0.368907 0.343481 0.289866 0.254439 0.241068 0.279543 0.347502 0.388213 0.379471 0.342075 0.304961 0.283533 0.272751 0.284713 0.345091 0.374980 0.311762 0.262684 0.255220 0.265236 0.301406 0.345866 0.329101 0.284406 0.278530 0.294121 0.331617 0.384363 
0.246484 0.262522 0.297804 0.312386 0.363543 0.402278 0.375893 0.385901 0.355106 0.341639 0.355032 0.341458 0.315713 0.305243 0.314108 0.305103 0.270229 0.250747 0.257476 0.281816 0.350312 0.416627 0.372524 0.304591 0.271309 0.280709 0.286990 0.267204 0.286953 0.348154 0.378389 0.348322 0.337551 0.332390 0.303857 0.275662 0.272193 0.268063 0.259154 0.254269 0.261378 0.302229 0.346365 0.363194 0.386299 0.371960 0.327108 0.290877 0.264832 0.245414 0.278690 0.320375 0.300368 0.274564 0.268372 0.251410 0.257076 0.301706 0.303835 0.271584 0.272748 0.310586 0.370909 0.421043 
0.256874 0.273786 0.288498 0.301353 0.353764 0.368832 0.353478 0.378109 0.364463 0.352886 0.360481 0.336655 0.324194 0.322636 0.305847 0.289698 0.272661 0.249884 0.244303 0.261387 0.297394 0.349215 0.339933 0.284743 0.258420 0.256248 0.252440 0.255666 0.284700 0.311846 0.328585 0.335035 0.321207 0.293235 0.284662 0.303067 0.312159 0.288611 0.277443 0.274729 0.270532 0.298694 0.339596 0.378753 0.414067 0.392999 0.342545 0.302723 0.270584 0.250772 0.280185 0.319056 0.310394 0.288776 0.288279 0.287694 0.283014 0.292962 0.285844 0.272627 0.294464 0.350797 0.419136 0.477629 
0.250407 0.263512 0.279944 0.286186 0.320329 0.335645 0.330699 0.351538 0.353001 0.339023 0.332545 0.324439 0.313393 0.307393 0.319441 0.314062 0.283546 0.283076 0.328976 0.360213 0.338777 0.293633 0.279795 0.288676 0.277214 0.257031 0.247527 0.257953 0.306717 0.325914 0.298574 0.309330 0.326524 0.308414 0.289442 0.277791 0.274356 0.279509 0.273356 0.254379 0.264303 0.320932 0.349409 0.363629 0.395382 0.382475 0.329606 0.285930 0.260207 0.253327 0.296373 0.332619 0.313141 0.299093 0.305672 0.308313 0.329199 0.338270 0.306999 0.307095 0.366698 0.432505 0.452407 0.495888 
0.262734 0.263792 0.284224 0.325419 0.369141 0.360168 0.334396 0.341851 0.350342 0.336520 0.316250 0.318054 0.323975 0.311004 0.314653 0.321221 0.341413 0.382711 0.403749 0.417581 0.383176 0.290131 0.253639 0.272112 0.297620 0.305984 0.275468 0.261252 0.310042 0.330206 0.289204 0.272985 0.300781 0.298198 0.267590 0.253001 0.260775 0.284476 0.295995 0.272266 0.269067 0.300171 0.313367 0.343033 0.361862 0.334902 0.296352 0.272094 0.267223 0.283763 0.331479 0.354629 0.317765 0.283269 0.297197 0.346709 0.383548 0.333434 0.277512 0.308671 0.388397 0.461891 0.417513 0.475987 
0.267491 0.261876 0.281974 0.320550 0.359059 0.334034 0.302443 0.336665 0.357293 0.326062 0.305984 0.299339 0.298433 0.302063 0.316253 0.351178 0.363748 0.365675 0.401431 0.413611 0.345042 0.275582 0.239587 0.248095 0.303302 0.320375 0.272840 0.239906 0.253539 0.271230 0.264233 0.265902 0.284895 0.276560 0.259457 0.270624 0.292625 0.290125 0.267277 0.247201 0.251638 0.265738 0.262464 0.273832 0.329926 0.357842 0.320064 0.278748 0.262574 0.280346 0.349878 0.373803 0.304229 0.278949 0.326677 0.387019 0.414035 0.352537 0.289952 0.315477 0.394954 0.443026 0.469432 0.483531 
0.263227 0.285512 0.322130 0.337187 0.356042 0.331693 0.290419 0.318227 0.347203 0.334941 0.348870 0.336811 0.310471 0.301635 0.308359 0.311169 0.291121 0.298886 0.360068 0.374192 0.313765 0.260902 0.237623 0.245707 0.275294 0.275293 0.250641 0.251157 0.280939 0.280920 0.262966 0.276584 0.314409 0.322427 0.293966 0.258656 0.245739 0.258990 0.259386 0.252575 0.278969 0.303048 0.291718 0.307384 0.363309 0.370613 0.311975 0.266293 0.261476 0.309860 0.383306 0.369667 0.290807 0.264511 0.328299 0.426033 0.441125 0.347321 0.281226 0.284917 0.352342 0.372767 0.401273 0.425054 
0.262299 0.267502 0.296575 0.308274 0.309090 0.288769 0.254050 0.261505 0.334318 0.418202 0.366970 0.331384 0.365591 0.426842 0.411016 0.340960 0.299157 0.297912 0.326726 0.348013 0.323075 0.271206 0.249931 0.258971 0.252142 0.237566 0.250829 0.290373 0.304157 0.280922 0.263294 0.268493 0.282852 0.292057 0.277357 0.251181 0.236052 0.239657 0.268075 0.291497 0.294362 0.278509 0.255587 0.265625 0.300915 0.302783 0.286723 0.285824 0.295933 0.332559 0.391858 0.398189 0.325829 0.293594 0.337738 0.394300 0.381635 0.345717 0.315172 0.308550 0.361051 0.436749 0.480318 0.484654 
0.260197 0.250003 0.271424 0.289062 0.266440 0.239037 0.233161 0.252188 0.323617 0.404779 0.374724 0.322652 0.313890 0.342755 0.346160 0.314641 0.292205 0.291154 0.305073 0.312389 0.289775 0.262008 0.257150 0.270241 0.298261 0.342175 0.389166 0.364761 0.305500 0.263988 0.250558 0.254626 0.257318 0.253007 0.247997 0.241645 0.241156 0.255127 0.278058 0.305636 0.309234 0.279916 0.249515 0.265076 0.323208 0.334427 0.319946 0.365494 0.439562 0.441213 0.367591 0.307255 0.270779 0.260024 0.282739 0.320462 0.323800 0.304571 0.288483 0.275063 0.281357 0.295326 0.295654 0.303052 
0.250801 0.247182 0.296695 0.326731 0.293350 0.259128 0.255994 0.261060 0.263961 0.289072 0.322748 0.322546 0.312788 0.320604 0.320205 0.293387 0.278955 0.284062 0.286098 0.282581 0.282949 0.275515 0.262474 0.268996 0.321694 0.376210 0.360338 0.349060 0.348824 0.309688 0.284638 0.283832 0.265515 0.245214 0.245590 0.253151 0.252198 0.251885 0.266505 0.284043 0.279773 0.263396 0.260287 0.259436 0.284777 0.340163 0.397221 0.422798 0.460164 0.383507 0.328726 0.278616 0.302395 0.374998 0.418507 0.392136 0.343974 0.296571 0.261538 0.263539 0.317634 0.377696 0.400772 0.392275 
0.238123 0.235339 0.256968 0.281129 0.286896 0.265282 0.239716 0.232498 0.267115 0.327333 0.344488 0.313111 0.294514 0.302058 0.315116 0.309958 0.304962 0.311276 0.310026 0.287956 0.258427 0.241779 0.242354 0.247751 0.275731 0.316244 0.306120 0.284656 0.281966 0.293784 0.330140 0.313264 0.259283 0.233882 0.233593 0.235650 0.251764 0.261325 0.267178 0.284878 0.280088 0.257561 0.257115 0.279154 0.292905 0.290328 0.319822 0.358008 0.353858 0.304826 0.272231 0.305638 0.330567 0.357913 0.328161 0.345884 0.307820 0.284999 0.277682 0.314594 0.395931 0.465597 0.461738 0.450814 
0.246646 0.235454 0.235284 0.233397 0.238899 0.251833 0.248308 0.250722 0.285990 0.305019 0.314951 0.318468 0.310877 0.321070 0.322867 0.304868 0.305979 0.306241 0.283074 0.264559 0.260808 0.255970 0.253644 0.259519 0.276649 0.322967 0.344187 0.303390 0.270297 0.288995 0.308835 0.277644 0.241730 0.237278 0.243349 0.242261 0.242806 0.267478 0.340010 0.391853 0.336124 0.281002 0.268668 0.312972 0.331315 0.316389 0.333377 0.367909 0.350428 0.306193 0.276606 0.311352 0.339083 0.338603 0.317146 0.300417 0.269908 0.274424 0.314447 0.390321 0.443209 0.448532 0.382758 0.364469 
0.246287 0.238527 0.235132 0.233690 0.231953 0.238114 0.247010 0.248839 0.248986 0.266649 0.309041 0.344360 0.333450 0.309381 0.294282 0.291091 0.285634 0.282897 0.294809 0.299600 0.288000 0.275286 0.267029 0.272628 0.303218 0.354768 0.357417 0.311516 0.292353 0.307882 0.295129 0.258535 0.238606 0.240893 0.242368 0.239919 0.237329 0.246689 0.281019 0.297175 0.293323 0.303259 0.320274 0.307834 0.293485 0.333305 0.411989 0.356645 0.337691 0.297133 0.293105 0.309855 0.335475 0.306823 0.330977 0.281817 0.267224 0.315550 0.400020 0.445572 0.435710 0.464619 0.377262 0.342587 
