0.512753 0.500342 0.298146 0.173989 0.486893 0.509073 0.339679 0.252828 0.358286 0.432314 0.352139 0.266174 0.232364 0.247059 0.174826 0.284167 0.217741 0.185017 0.223175 0.423019 0.422255 0.335530 0.328413 0.220932 0.355029 0.176815 0.299261 0.213119 0.190671 0.246521 0.151341 0.200887 0.489628 0.419007 0.118215 0.125018 0.212141 0.291858 0.258770 0.247738 0.225452 0.252038 0.262210 0.240179 0.182928 0.289782 0.254253 0.290147 0.406612 0.367221 0.280189 0.215231 0.252981 0.233219 0.221923 0.312121 0.362013 0.334531 0.337591 0.380029 0.399300 0.328112 0.356707 0.362079 
0.525626 0.346777 0.158829 0.183739 0.373993 0.435839 0.391927 0.284086 0.277231 0.361386 0.290196 0.297804 0.227845 0.285606 0.233668 0.249973 0.280716 0.234980 0.251245 0.551023 0.351380 0.306088 0.347193 0.224742 0.350032 0.237192 0.265201 0.252428 0.200015 0.124248 0.168734 0.324703 0.363541 0.401768 0.161137 0.134132 0.219711 0.213097 0.241919 0.192339 0.247397 0.275018 0.260661 0.239672 0.258125 0.219405 0.255326 0.245059 0.364927 0.365715 0.289472 0.212109 0.249484 0.173366 0.278123 0.282396 0.346622 0.299667 0.323810 0.318321 0.427716 0.355576 0.393555 0.410114 
0.011141 0.208727 0.227005 0.111275 0.290433 0.187128 0.200915 0.175851 0.259002 0.282420 0.201352 0.271902 0.261941 0.257768 0.334465 0.296733 0.378919 0.251363 0.308509 0.383103 0.316068 0.267783 0.388069 0.418656 0.262479 0.313445 0.335759 0.286827 0.161919 0.186234 0.093830 0.218841 0.390679 0.369960 0.185912 0.181859 0.183972 0.280989 0.249685 0.163176 0.224155 0.304207 0.280376 0.222255 0.268959 0.215774 0.330242 0.223065 0.269463 0.358063 0.271374 0.220328 0.295242 0.221243 0.230284 0.259344 0.283218 0.302739 0.310575 0.347513 0.400099 0.395005 0.346251 0.323626 
0.176803 0.143480 0.046698 0.230394 0.166304 0.101718 0.106701 0.136352 0.277081 0.242719 0.213998 0.192326 0.312745 0.304017 0.449192 0.299133 0.191579 0.384031 0.504583 0.187998 0.282510 0.749052 0.493245 0.194489 0.317266 0.334245 0.298818 0.249989 0.208574 0.193419 0.117839 0.297196 0.278852 0.317748 0.293033 0.175976 0.185211 0.386705 0.269472 0.235326 0.209413 0.379275 0.318054 0.262403 0.190047 0.266920 0.377131 0.225273 0.264471 0.317522 0.253572 0.262866 0.261179 0.141924 0.253649 0.273553 0.325254 0.307049 0.350821 0.313408 0.351573 0.388908 0.265742 0.262030 
0.108627 0.049770 0.021809 0.274364 0.208429 0.154265 0.138898 0.175065 0.167879 0.212380 0.167325 0.146948 0.183165 0.232156 0.515134 0.279226 0.197822 0.347559 0.368650 0.335443 0.268378 0.556230 0.619995 0.231436 0.231658 0.307540 0.369413 0.399975 0.234798 0.200076 0.128178 0.240465 0.316625 0.410163 0.323381 0.219789 0.224510 0.237221 0.258343 0.193241 0.246334 0.341882 0.312925 0.203777 0.183180 0.327407 0.398034 0.365443 0.235455 0.338892 0.334635 0.279736 0.274473 0.252723 0.220941 0.232566 0.257993 0.263538 0.303854 0.361844 0.301443 0.301113 0.395002 0.284389 
0.219727 0.283307 0.053392 0.070388 0.108117 0.189657 0.187256 0.218376 0.211778 0.198112 0.170263 0.204259 0.189772 0.200631 0.541905 0.338239 0.149920 0.314074 0.291186 0.361626 0.360080 0.294952 0.560619 0.533754 0.225396 0.208627 0.374216 0.458966 0.281849 0.233683 0.245119 0.220785 0.386765 0.361353 0.260392 0.212446 0.255211 0.239077 0.309265 0.222936 0.286581 0.304289 0.207925 0.303429 0.262793 0.214637 0.465277 0.329238 0.263744 0.476627 0.332792 0.265922 0.209398 0.268219 0.225699 0.213838 0.245996 0.300458 0.333560 0.255927 0.270639 0.423775 0.374208 0.297977 
0.296264 0.306857 0.224577 0.215146 0.181452 0.171231 0.198706 0.269546 0.303621 0.242885 0.190560 0.110152 0.414807 0.341134 0.573122 0.469927 0.418970 0.458267 0.255986 0.248067 0.305496 0.325536 0.612866 0.667356 0.324001 0.191399 0.246090 0.484364 0.235034 0.241676 0.244248 0.257004 0.314294 0.201722 0.333668 0.261504 0.153875 0.229646 0.282186 0.271470 0.178886 0.261565 0.271594 0.248549 0.182949 0.240823 0.388864 0.320732 0.293748 0.390426 0.367805 0.345068 0.214227 0.214847 0.183659 0.245995 0.302332 0.303706 0.360117 0.332336 0.343094 0.388230 0.409245 0.330247 
0.254414 0.299532 0.406844 0.369048 0.240828 0.260258 0.267102 0.181668 0.231657 0.198440 0.221375 0.106333 0.368037 0.556650 0.370169 0.456925 0.377083 0.269469 0.233266 0.256163 0.354651 0.360132 0.543199 0.515956 0.360623 0.254445 0.268231 0.302144 0.271495 0.207458 0.209408 0.220344 0.237967 0.260891 0.353991 0.280745 0.327272 0.276904 0.246608 0.230969 0.245368 0.238210 0.229765 0.275083 0.240912 0.224500 0.279178 0.351595 0.231276 0.341223 0.402030 0.189197 0.216410 0.205299 0.219508 0.280082 0.214185 0.238905 0.374937 0.335854 0.401918 0.369428 0.308048 0.249857 
0.394765 0.187962 0.229894 0.332943 0.289831 0.188730 0.253835 0.202212 0.182087 0.130695 0.180516 0.148586 0.422714 0.665751 0.219687 0.511756 0.358956 0.167641 0.206285 0.278938 0.290326 0.353576 0.411636 0.585637 0.426783 0.261865 0.222234 0.275069 0.273925 0.251065 0.198745 0.197439 0.133426 0.264346 0.540104 0.389286 0.260654 0.203016 0.242762 0.291493 0.341315 0.305779 0.304654 0.298297 0.288933 0.274570 0.260696 0.383536 0.236217 0.342003 0.379959 0.216087 0.167615 0.186906 0.292213 0.251792 0.170038 0.272487 0.271423 0.313680 0.332360 0.440641 0.314666 0.318209 
0.470256 0.254712 0.261887 0.250764 0.191898 0.246264 0.228339 0.279126 0.172152 0.190623 0.210013 0.114807 0.364270 0.602925 0.288924 0.545089 0.517594 0.036047 0.146840 0.205942 0.298656 0.299454 0.316664 0.427601 0.684944 0.471632 0.243024 0.341508 0.351748 0.290432 0.242855 0.241966 0.168148 0.290049 0.438400 0.413897 0.312770 0.262974 0.281340 0.354561 0.299746 0.378864 0.288516 0.292567 0.216541 0.284961 0.296542 0.371526 0.349843 0.354286 0.383809 0.284510 0.232930 0.260612 0.279232 0.171950 0.232485 0.267670 0.181885 0.358100 0.347366 0.415138 0.294239 0.358352 
0.346575 0.376079 0.265451 0.278661 0.224913 0.180291 0.193336 0.213070 0.271550 0.308788 0.209004 0.093260 0.336906 0.499643 0.266799 0.412273 0.349241 0.093832 0.133115 0.248933 0.268899 0.352710 0.393782 0.305845 0.672279 0.510951 0.281675 0.341346 0.354720 0.465882 0.383392 0.220544 0.215352 0.227042 0.279125 0.360647 0.399417 0.241426 0.245596 0.315946 0.353063 0.242202 0.322741 0.267010 0.292327 0.245028 0.238752 0.297512 0.336584 0.419303 0.329210 0.247946 0.226273 0.237730 0.225645 0.228224 0.228589 0.255907 0.216469 0.234318 0.283497 0.420466 0.372033 0.389074 
0.417249 0.361482 0.289617 0.297039 0.245157 0.200895 0.182129 0.246519 0.192304 0.243531 0.231139 0.184982 0.329756 0.512520 0.282723 0.520922 0.396082 0.187041 0.166131 0.201503 0.251383 0.339646 0.328038 0.295569 0.597893 0.473690 0.231660 0.321692 0.288028 0.382716 0.392149 0.334700 0.290241 0.299230 0.309976 0.320716 0.425161 0.305308 0.284278 0.295466 0.322720 0.306209 0.329036 0.339424 0.363834 0.268528 0.331091 0.424188 0.403442 0.386121 0.319411 0.220974 0.279215 0.242361 0.351105 0.291436 0.214327 0.259313 0.299845 0.196953 0.181309 0.296660 0.352767 0.394740 
0.309618 0.321020 0.321557 0.253553 0.323019 0.324278 0.196545 0.201758 0.234681 0.180574 0.218107 0.163967 0.215520 0.617357 0.439005 0.334212 0.384345 0.231207 0.305152 0.237036 0.356374 0.348561 0.394486 0.361546 0.605174 0.455677 0.234414 0.316224 0.248428 0.355072 0.301145 0.379764 0.366132 0.207276 0.218028 0.314142 0.344699 0.292011 0.357091 0.262010 0.267844 0.338224 0.394752 0.420187 0.343995 0.336285 0.382495 0.312787 0.357973 0.364533 0.377376 0.297632 0.193809 0.289283 0.354179 0.302588 0.243541 0.269305 0.245738 0.245570 0.293227 0.361619 0.284195 0.347302 
0.291332 0.364719 0.341536 0.270623 0.285994 0.298554 0.340796 0.315623 0.245086 0.221155 0.236729 0.153191 0.038390 0.511620 0.621592 0.312863 0.187432 0.202558 0.240013 0.213347 0.224330 0.387811 0.389094 0.361726 0.542995 0.389579 0.264422 0.322937 0.261172 0.305590 0.360328 0.349235 0.359934 0.300837 0.268843 0.306514 0.260939 0.349632 0.434787 0.401238 0.373249 0.337581 0.347137 0.419923 0.297194 0.320831 0.265837 0.309041 0.294169 0.333184 0.425390 0.356313 0.227200 0.241322 0.344430 0.432652 0.261115 0.257766 0.266509 0.233946 0.305659 0.295740 0.288377 0.257295 
0.282456 0.314946 0.294298 0.301003 0.292311 0.276258 0.284311 0.249249 0.335501 0.211418 0.208398 0.192251 0.025277 0.684406 0.733754 0.273681 0.297734 0.278897 0.219423 0.159182 0.210707 0.352653 0.452315 0.447823 0.487296 0.352284 0.287346 0.279056 0.283268 0.345149 0.307801 0.284061 0.342911 0.325642 0.251170 0.227762 0.249982 0.314205 0.463835 0.392102 0.365575 0.303953 0.279239 0.297515 0.422645 0.255918 0.212480 0.178436 0.336171 0.473149 0.410419 0.318064 0.339061 0.256265 0.318521 0.356814 0.304429 0.194858 0.255531 0.298814 0.248305 0.215052 0.300404 0.350364 
0.226084 0.270727 0.380039 0.319178 0.309616 0.237493 0.320269 0.266311 0.247375 0.256282 0.193214 0.150969 0.058835 0.627599 0.682217 0.263523 0.346368 0.198597 0.211806 0.309093 0.190376 0.271441 0.287683 0.514040 0.636173 0.364927 0.243667 0.361787 0.398247 0.380218 0.412964 0.280677 0.346681 0.363210 0.234467 0.288788 0.252770 0.183860 0.505922 0.629302 0.333620 0.243759 0.191190 0.502531 0.417859 0.242163 0.205828 0.194867 0.251251 0.410813 0.379411 0.307740 0.266581 0.302943 0.365487 0.292943 0.268181 0.218652 0.275851 0.295367 0.312566 0.230576 0.260751 0.330181 
0.284119 0.303572 0.334812 0.321337 0.347604 0.367289 0.312116 0.241073 0.227790 0.275996 0.243590 0.251222 0.149108 0.676149 0.633805 0.315008 0.192571 0.133705 0.397335 0.304060 0.235001 0.256708 0.337623 0.670598 0.426656 0.339641 0.262149 0.440223 0.487161 0.394857 0.457580 0.302040 0.328831 0.355194 0.271937 0.273593 0.268579 0.187185 0.334898 0.664370 0.476594 0.205554 0.165465 0.629133 0.606754 0.267863 0.165072 0.220818 0.282485 0.328679 0.351998 0.220321 0.243882 0.272556 0.331475 0.348428 0.265448 0.317114 0.292413 0.275799 0.242631 0.278045 0.280965 0.220984 
0.334763 0.312806 0.290650 0.266687 0.284398 0.357180 0.319393 0.276630 0.267454 0.258241 0.238897 0.411265 0.213987 0.718300 0.660945 0.360901 0.163240 0.156818 0.257923 0.354265 0.276415 0.157929 0.321485 0.504270 0.267176 0.371364 0.340312 0.420281 0.384008 0.422655 0.394813 0.353598 0.335284 0.302160 0.275548 0.252628 0.276953 0.281969 0.207205 0.436466 0.533887 0.307853 0.505334 0.565635 0.615710 0.381629 0.133289 0.318760 0.374971 0.231556 0.236290 0.246579 0.191413 0.247165 0.309345 0.339171 0.284467 0.383076 0.312983 0.252280 0.300329 0.321002 0.260684 0.192336 
0.332126 0.283039 0.285323 0.282575 0.262584 0.193948 0.242278 0.280692 0.289884 0.245260 0.398614 0.671609 0.216469 0.599344 0.568004 0.516801 0.254623 0.181344 0.216983 0.310472 0.226269 0.182213 0.369220 0.430697 0.282193 0.365920 0.281649 0.435157 0.558239 0.366884 0.251803 0.400682 0.319295 0.210683 0.297123 0.379218 0.423088 0.414381 0.167147 0.306897 0.528829 0.347150 0.471724 0.506050 0.486779 0.509340 0.395805 0.285647 0.256523 0.178064 0.253462 0.198942 0.241226 0.166548 0.226376 0.307166 0.360875 0.328606 0.256446 0.273178 0.377039 0.256866 0.256442 0.270395 
0.377320 0.337904 0.276988 0.357417 0.286332 0.279534 0.212239 0.294525 0.300623 0.270982 0.573109 0.681327 0.253107 0.604514 0.701375 0.374058 0.206502 0.218794 0.274312 0.326716 0.275431 0.199671 0.333114 0.416507 0.327461 0.306465 0.283471 0.628410 0.664204 0.294873 0.209688 0.276868 0.340493 0.329127 0.386047 0.464535 0.398676 0.307748 0.209750 0.324407 0.529106 0.457973 0.490902 0.431610 0.430115 0.430720 0.310077 0.333727 0.162805 0.276043 0.131816 0.204063 0.236678 0.357246 0.223249 0.167955 0.305091 0.382574 0.377863 0.290470 0.328887 0.305901 0.290827 0.302858 
0.376310 0.285160 0.237084 0.282991 0.252725 0.244952 0.213374 0.310798 0.392381 0.199463 0.560036 0.736973 0.236462 0.673844 0.819663 0.294743 0.186875 0.254403 0.365466 0.285126 0.253430 0.424084 0.452538 0.250873 0.296491 0.259110 0.604048 0.660213 0.404826 0.337834 0.133191 0.322429 0.504436 0.283695 0.455730 0.536267 0.428201 0.365198 0.165912 0.340881 0.562447 0.656332 0.504544 0.403099 0.306067 0.402434 0.391803 0.243491 0.259742 0.227335 0.284737 0.377244 0.472372 0.690030 0.243826 0.096340 0.226350 0.248617 0.423526 0.392562 0.260647 0.294937 0.273327 0.291403 
0.299821 0.365653 0.351817 0.316596 0.315923 0.235825 0.202892 0.318891 0.321730 0.216528 0.421787 0.547108 0.313103 0.638148 0.737006 0.409923 0.225177 0.304751 0.406132 0.347351 0.472732 0.524242 0.237881 0.220346 0.285798 0.348635 0.651534 0.430266 0.194195 0.289053 0.314286 0.412174 0.590330 0.254787 0.360013 0.523384 0.377467 0.305732 0.221448 0.228783 0.374294 0.611152 0.671308 0.488351 0.491617 0.627710 0.544641 0.419814 0.524171 0.595328 0.643213 0.680020 0.722992 0.496506 0.242220 0.175625 0.222705 0.325226 0.434858 0.305753 0.267303 0.341467 0.284366 0.287829 
0.445293 0.302129 0.265179 0.271361 0.282455 0.210216 0.234360 0.281971 0.119397 0.545459 0.982332 0.422836 0.564185 0.501323 0.648624 0.441790 0.341001 0.187520 0.342760 0.437652 0.357135 0.532389 0.232905 0.216846 0.224497 0.362350 0.499800 0.280150 0.293848 0.528017 0.577835 0.291473 0.337455 0.266982 0.436401 0.585676 0.456681 0.234668 0.277568 0.276733 0.313602 0.500088 0.611164 0.676321 0.670220 0.605988 0.546002 0.622102 0.618053 0.700139 0.736225 0.643573 0.399355 0.290464 0.453143 0.218150 0.243944 0.356377 0.399399 0.226920 0.201097 0.126249 0.198532 0.345773 
0.616541 0.516216 0.466985 0.436196 0.465954 0.474021 0.498909 0.488359 0.274008 0.602347 0.762597 0.668304 0.546534 0.318806 0.623384 0.548549 0.562786 0.445778 0.504858 0.469670 0.462792 0.542717 0.415855 0.316944 0.367403 0.467817 0.603574 0.476991 0.616397 0.454635 0.313017 0.311281 0.370536 0.473666 0.491569 0.562562 0.504363 0.337340 0.385765 0.297295 0.367715 0.461317 0.629126 0.662121 0.692542 0.690013 0.631999 0.650615 0.631833 0.796860 0.676989 0.506327 0.257993 0.295695 0.353956 0.392048 0.255801 0.365334 0.330600 0.270542 0.154175 0.223892 0.249350 0.388125 
0.443666 0.668023 0.597816 0.557607 0.621331 0.532535 0.587267 0.572556 0.611862 0.701368 0.385979 0.680760 0.347685 0.297486 0.513063 0.579178 0.512664 0.602852 0.509885 0.451232 0.620802 0.506688 0.446777 0.588616 0.533366 0.628131 0.514556 0.464749 0.582024 0.219711 0.227362 0.304708 0.462495 0.507468 0.441117 0.494715 0.417580 0.444530 0.476403 0.499903 0.343175 0.549568 0.717560 0.605172 0.574471 0.580695 0.592798 0.775658 0.682237 0.694014 0.395433 0.197814 0.276152 0.260405 0.227852 0.311723 0.437059 0.244693 0.343399 0.277069 0.197431 0.235433 0.179703 0.246539 
0.393465 0.504691 0.488162 0.470066 0.537272 0.511745 0.449097 0.437567 0.769450 0.801065 0.506265 0.498299 0.449728 0.288931 0.362561 0.457286 0.464566 0.452357 0.556497 0.545957 0.644253 0.337149 0.378265 0.404018 0.364629 0.599878 0.567489 0.317906 0.320771 0.177214 0.374205 0.431866 0.436348 0.551417 0.254874 0.269350 0.349987 0.444827 0.327789 0.251392 0.309726 0.678806 0.613335 0.604539 0.621087 0.632452 0.668159 0.689550 0.673605 0.339087 0.132586 0.243939 0.380749 0.261131 0.357570 0.208467 0.276094 0.246527 0.209580 0.344028 0.309918 0.346041 0.234666 0.230418 
0.423311 0.488422 0.505866 0.538563 0.496609 0.509015 0.470637 0.479933 0.695817 0.672428 0.516989 0.552338 0.506749 0.278447 0.525296 0.634095 0.252336 0.334621 0.806971 0.826317 0.692074 0.394560 0.435082 0.424367 0.414266 0.660244 0.621901 0.301341 0.249279 0.178237 0.384332 0.442952 0.473995 0.424612 0.394174 0.255678 0.339446 0.370112 0.213101 0.227313 0.551591 0.608110 0.617855 0.590295 0.589036 0.570694 0.692466 0.668731 0.467024 0.429276 0.538283 0.528255 0.491912 0.378736 0.409887 0.381393 0.228697 0.322742 0.245664 0.151070 0.261489 0.224629 0.247634 0.275205 
0.294819 0.533181 0.503550 0.465497 0.535460 0.545517 0.511143 0.469232 0.643683 0.749588 0.558190 0.588293 0.536818 0.431237 0.602488 0.342163 0.203882 0.484835 0.739773 0.643129 0.388199 0.432940 0.523230 0.476826 0.411401 0.592688 0.575534 0.440285 0.317084 0.151858 0.235468 0.455637 0.535271 0.456045 0.309054 0.265251 0.329913 0.256406 0.257203 0.510647 0.599352 0.681634 0.592670 0.639686 0.617720 0.735576 0.749857 0.372923 0.343935 0.657097 0.427740 0.332784 0.443184 0.376189 0.270781 0.307841 0.308156 0.324456 0.364880 0.175352 0.217764 0.229118 0.215816 0.270197 
0.296646 0.507630 0.502228 0.411805 0.519457 0.500753 0.492946 0.436465 0.692525 0.838930 0.617662 0.566013 0.542050 0.443559 0.275472 0.096010 0.579559 0.881600 0.717092 0.216365 0.176314 0.405879 0.550283 0.409058 0.308876 0.685354 0.705651 0.538257 0.341600 0.187054 0.268144 0.285007 0.601973 0.513267 0.335377 0.308237 0.274825 0.211387 0.427644 0.616273 0.664581 0.612175 0.567129 0.584380 0.667342 0.742610 0.526804 0.087849 0.377208 0.352090 0.109020 0.144750 0.495777 0.406957 0.057015 0.146211 0.277699 0.165437 0.326902 0.451270 0.148946 0.118832 0.270716 0.276979 
0.392380 0.578178 0.465274 0.484708 0.430247 0.448013 0.381813 0.576943 0.632321 0.491897 0.475720 0.287384 0.371985 0.404131 0.300044 0.536031 0.951814 0.650059 0.161333 0.256029 0.237839 0.300174 0.419862 0.430086 0.459723 0.683776 0.475995 0.377606 0.241569 0.246882 0.357855 0.456840 0.652188 0.408277 0.403504 0.331709 0.267331 0.269321 0.390906 0.387517 0.380456 0.394222 0.425083 0.408184 0.392074 0.443621 0.214944 0.171902 0.264958 0.193451 0.297998 0.255594 0.497726 0.266593 0.109769 0.165143 0.290528 0.230953 0.286735 0.371361 0.217444 0.253813 0.224362 0.243804 
0.394455 0.600630 0.471562 0.517774 0.457576 0.529473 0.438682 0.554033 0.680516 0.575444 0.510679 0.484344 0.489208 0.262581 0.705480 0.910766 0.620236 0.167562 0.231218 0.306599 0.250690 0.304217 0.207326 0.354079 0.522194 0.476267 0.537824 0.263963 0.225697 0.196368 0.159916 0.390765 0.465408 0.521983 0.322962 0.199063 0.285485 0.159714 0.293520 0.353801 0.374415 0.424825 0.391120 0.441062 0.386198 0.384394 0.246306 0.141378 0.389140 0.279749 0.275598 0.199447 0.437714 0.238322 0.159279 0.309248 0.431044 0.108779 0.289874 0.258908 0.223821 0.240331 0.150963 0.280901 
0.470679 0.636377 0.455141 0.455206 0.447285 0.466569 0.448630 0.527685 0.797203 0.842394 0.720663 0.661855 0.620703 0.608564 0.879108 0.479380 0.237500 0.203270 0.243039 0.275504 0.179326 0.220514 0.307481 0.223959 0.420504 0.578834 0.624287 0.367016 0.323537 0.400937 0.127744 0.226299 0.696779 0.516213 0.281706 0.133881 0.268840 0.201189 0.423719 0.489126 0.445214 0.440951 0.474553 0.534447 0.532067 0.489899 0.430528 0.566908 0.577820 0.599056 0.767675 0.835864 0.694476 0.569933 0.547857 0.429877 0.463607 0.335367 0.435851 0.440183 0.305945 0.185210 0.186611 0.222588 
0.355228 0.521392 0.368232 0.257892 0.347831 0.280314 0.174307 0.428340 0.799935 0.609772 0.823053 0.452954 0.716632 0.820400 0.389247 0.153907 0.256988 0.240173 0.247581 0.265109 0.197742 0.161319 0.206952 0.292592 0.313258 0.116069 0.464252 0.580373 0.235428 0.294538 0.206360 0.394528 0.549700 0.491534 0.222171 0.220785 0.196447 0.499615 0.609000 0.635149 0.597303 0.663491 0.660336 0.645283 0.673528 0.636378 0.694341 0.739320 0.478146 0.469877 0.487101 0.481167 0.419435 0.435766 0.416331 0.240164 0.222000 0.264800 0.183041 0.198072 0.253919 0.213876 0.340276 0.222823 
0.285008 0.333847 0.310689 0.213446 0.115016 0.125734 0.265524 0.663296 0.684497 0.303142 0.591064 0.736887 0.735232 0.339215 0.180337 0.256036 0.240155 0.239163 0.279361 0.313819 0.311689 0.322848 0.311989 0.338799 0.308846 0.248913 0.464107 0.573306 0.338451 0.308277 0.174108 0.634524 0.519027 0.257492 0.257190 0.124153 0.249927 0.669757 0.533889 0.632534 0.734916 0.822717 0.788085 0.733216 0.731700 0.786804 0.674797 0.822378 0.758109 0.707289 0.446472 0.197789 0.292233 0.320139 0.210154 0.300730 0.168881 0.176266 0.222551 0.163926 0.233171 0.290069 0.257559 0.257124 
0.229809 0.252412 0.264182 0.277624 0.319968 0.499051 0.594555 0.565574 0.466562 0.160317 0.575770 0.738274 0.177003 0.164097 0.275479 0.360099 0.238076 0.277196 0.207172 0.292130 0.380145 0.178874 0.318903 0.349892 0.242154 0.351246 0.198208 0.452497 0.203972 0.505950 0.565919 0.409814 0.278840 0.239959 0.184063 0.207728 0.126579 0.496664 0.498292 0.552664 0.799512 0.829246 0.881521 0.790394 0.830181 0.741129 0.744798 0.613276 0.912478 0.872404 0.837965 0.792115 0.609237 0.678521 0.389895 0.399727 0.740766 0.328206 0.250764 0.364541 0.192445 0.452249 0.433810 0.244157 
0.315197 0.193563 0.333603 0.454240 0.616376 0.516106 0.399347 0.430193 0.361500 0.247481 0.405495 0.259574 0.055136 0.150129 0.178367 0.257279 0.257802 0.314367 0.233925 0.293674 0.261184 0.096572 0.290588 0.195158 0.201327 0.172689 0.243758 0.271425 0.171903 0.467947 0.409480 0.263502 0.359889 0.287398 0.180539 0.180413 0.094096 0.281711 0.365146 0.402410 0.757279 0.430737 0.652616 0.871474 0.830384 0.660392 0.665576 0.738124 0.702922 0.695049 0.723550 0.890394 0.894625 0.793813 0.341571 0.242958 0.697915 0.418626 0.224881 0.179439 0.185455 0.382580 0.581116 0.324883 
0.382455 0.325035 0.362119 0.561277 0.550484 0.403362 0.310614 0.433063 0.333737 0.214181 0.207748 0.099214 0.127169 0.163648 0.162408 0.171900 0.168961 0.251694 0.061022 0.282162 0.261554 0.109760 0.257039 0.213615 0.132692 0.283354 0.069962 0.459733 0.397089 0.444073 0.277776 0.300663 0.449738 0.465868 0.239283 0.148066 0.117704 0.136562 0.337147 0.502748 0.439822 0.202778 0.184268 0.351290 0.736638 0.792475 0.665897 0.717080 0.638521 0.579619 0.685415 0.714424 0.553300 0.525909 0.260743 0.213096 0.296863 0.396638 0.429316 0.249665 0.167135 0.096750 0.331846 0.291883 
0.348392 0.193976 0.307763 0.499477 0.393639 0.350469 0.332725 0.349039 0.274035 0.217003 0.168520 0.280256 0.373685 0.267967 0.257347 0.262467 0.282194 0.372424 0.226113 0.390208 0.441851 0.277985 0.295251 0.378060 0.331694 0.402554 0.332956 0.524417 0.494463 0.456953 0.222581 0.321696 0.468033 0.317979 0.254808 0.170248 0.165885 0.254097 0.409025 0.397140 0.352114 0.305207 0.101800 0.202170 0.619078 0.576442 0.582424 0.534159 0.576981 0.712540 0.728802 0.627868 0.385449 0.186383 0.295970 0.095727 0.215137 0.299056 0.290909 0.148385 0.203856 0.407795 0.424613 0.304612 
0.280639 0.202588 0.188179 0.261249 0.260238 0.291272 0.384945 0.506549 0.335970 0.173760 0.154820 0.498030 0.525656 0.275263 0.636545 0.397067 0.431826 0.591359 0.537259 0.551614 0.521079 0.583332 0.573017 0.578000 0.560819 0.560760 0.512002 0.555079 0.516290 0.268717 0.260432 0.259524 0.246974 0.296542 0.363377 0.304007 0.230912 0.233831 0.306720 0.374046 0.471915 0.218990 0.181782 0.618605 0.488142 0.530744 0.579402 0.501970 0.732759 0.692839 0.465779 0.434494 0.356606 0.443531 0.653604 0.528994 0.401099 0.282423 0.057620 0.393271 0.707460 0.597475 0.500971 0.386004 
0.169193 0.276644 0.233430 0.210654 0.336290 0.292873 0.443121 0.500464 0.359057 0.246029 0.237840 0.300282 0.354933 0.497840 0.667996 0.247211 0.252333 0.404163 0.356975 0.366717 0.336465 0.438290 0.809712 0.744945 0.411132 0.391584 0.338903 0.234697 0.251030 0.369267 0.387732 0.279312 0.298742 0.303126 0.302306 0.399142 0.421510 0.342934 0.266201 0.364451 0.367412 0.266299 0.473245 0.513422 0.310692 0.399792 0.618810 0.705172 0.789622 0.586721 0.501186 0.381130 0.639927 0.732255 0.688214 0.772688 0.643619 0.390886 0.269125 0.796095 0.728818 0.657369 0.552693 0.477103 
0.340946 0.375963 0.232606 0.263982 0.260655 0.295248 0.430679 0.228486 0.262946 0.229837 0.209322 0.158805 0.312885 0.422397 0.559582 0.319419 0.316056 0.321806 0.240244 0.208874 0.220223 0.178470 0.478579 0.667856 0.365030 0.254008 0.167170 0.212045 0.257705 0.372749 0.390135 0.462587 0.355848 0.233820 0.248461 0.382008 0.569441 0.461464 0.288563 0.225672 0.186127 0.288065 0.553164 0.415163 0.430511 0.536564 0.502408 0.443021 0.411917 0.679006 0.462728 0.451507 0.808901 0.618435 0.460362 0.568829 0.697947 0.484651 0.418596 0.674859 0.627730 0.398823 0.394101 0.493542 
0.471054 0.269248 0.368652 0.466796 0.310685 0.310951 0.431712 0.251981 0.184824 0.194879 0.099402 0.272235 0.370193 0.306108 0.310076 0.468934 0.406278 0.223413 0.202935 0.254885 0.183457 0.291333 0.285385 0.367824 0.410246 0.306507 0.261438 0.309124 0.184386 0.294300 0.290782 0.206530 0.305890 0.251890 0.342983 0.479592 0.367263 0.256977 0.247980 0.150289 0.157243 0.265900 0.472011 0.406068 0.378533 0.523139 0.534006 0.258994 0.261453 0.519429 0.603439 0.567697 0.648492 0.347917 0.312478 0.107676 0.580040 0.677021 0.448125 0.571061 0.317302 0.237129 0.046725 0.225429 
0.337336 0.286485 0.454235 0.429246 0.253403 0.463762 0.378604 0.268728 0.335128 0.338113 0.361238 0.443891 0.416049 0.278759 0.331174 0.460990 0.358248 0.245182 0.171995 0.200561 0.189473 0.327662 0.285835 0.314917 0.398987 0.279010 0.246588 0.219471 0.263765 0.407326 0.264121 0.286670 0.260269 0.454509 0.508557 0.344956 0.219786 0.214612 0.444338 0.408081 0.411098 0.387992 0.398887 0.409581 0.390087 0.386989 0.339574 0.376274 0.504350 0.473800 0.629768 0.712956 0.405269 0.332509 0.337943 0.293559 0.400397 0.646843 0.673347 0.335660 0.236465 0.302623 0.152357 0.267896 
0.410108 0.497602 0.422707 0.345259 0.417426 0.266683 0.187019 0.397559 0.244113 0.290078 0.506806 0.356577 0.102924 0.264507 0.460930 0.339895 0.390695 0.257934 0.176330 0.182839 0.170223 0.268236 0.263131 0.279244 0.283821 0.248069 0.226725 0.318221 0.526266 0.424465 0.360990 0.392280 0.340512 0.465312 0.239616 0.114341 0.301377 0.356404 0.404802 0.382331 0.270918 0.455987 0.470901 0.281900 0.293743 0.362564 0.222294 0.333404 0.388884 0.536453 0.550006 0.475652 0.400289 0.303152 0.209357 0.315443 0.394078 0.378122 0.433885 0.300936 0.189364 0.214500 0.179936 0.236689 
0.621618 0.618812 0.444558 0.451491 0.374502 0.289969 0.339110 0.402154 0.391558 0.508301 0.439361 0.221864 0.308408 0.354582 0.498877 0.486242 0.381564 0.284509 0.137915 0.215613 0.120433 0.201393 0.260303 0.285241 0.344801 0.472864 0.530989 0.594509 0.431176 0.227629 0.212382 0.328385 0.512031 0.363768 0.185093 0.283322 0.480078 0.422472 0.229358 0.297055 0.294182 0.448960 0.416211 0.301030 0.351475 0.448306 0.281568 0.309526 0.360909 0.616331 0.702868 0.394633 0.433505 0.475925 0.353859 0.304630 0.344643 0.311316 0.434521 0.331235 0.279695 0.220721 0.204903 0.243224 
0.461380 0.394132 0.410779 0.366474 0.330969 0.415761 0.512443 0.669518 0.587360 0.543642 0.432241 0.308593 0.402994 0.287886 0.336840 0.247552 0.257005 0.258141 0.205924 0.228226 0.197473 0.261415 0.306839 0.284899 0.413815 0.383287 0.604773 0.655534 0.409333 0.291739 0.266113 0.535780 0.310618 0.140788 0.250902 0.365128 0.330029 0.325080 0.300335 0.209840 0.351265 0.435780 0.414796 0.340310 0.346841 0.362846 0.326250 0.489852 0.625053 0.573556 0.627898 0.534652 0.517073 0.485690 0.324882 0.412687 0.211674 0.416329 0.450820 0.326094 0.279558 0.310752 0.224510 0.276320 
0.087131 0.260371 0.434882 0.352064 0.294827 0.392915 0.661469 0.614283 0.417255 0.426174 0.366781 0.446220 0.289725 0.330320 0.472802 0.512957 0.529216 0.549615 0.431859 0.668389 0.490870 0.531942 0.492704 0.633425 0.537997 0.266791 0.415736 0.494095 0.537553 0.645823 0.589177 0.362693 0.392207 0.466757 0.398273 0.407308 0.296054 0.236512 0.158002 0.255367 0.290777 0.372045 0.471264 0.388922 0.290229 0.472780 0.345294 0.445532 0.433771 0.223182 0.460658 0.444603 0.349112 0.296826 0.113105 0.320207 0.232316 0.257336 0.394050 0.313719 0.144262 0.100794 0.160306 0.408578 
0.164260 0.179342 0.403078 0.377447 0.466464 0.576004 0.505047 0.482353 0.493591 0.407966 0.418974 0.487805 0.375802 0.368725 0.353323 0.576067 0.610716 0.543343 0.302393 0.560107 0.522876 0.454359 0.424755 0.689982 0.511234 0.197214 0.229016 0.465303 0.411832 0.426271 0.436310 0.481928 0.606980 0.562083 0.462238 0.349420 0.168610 0.283700 0.268558 0.222002 0.198081 0.220037 0.434567 0.389762 0.440142 0.373276 0.221679 0.265148 0.415680 0.396069 0.320562 0.385532 0.448313 0.445778 0.365018 0.387705 0.424579 0.384452 0.409916 0.332950 0.362149 0.307577 0.293908 0.345804 
0.200087 0.141873 0.340068 0.512861 0.764177 0.694505 0.480915 0.438706 0.437624 0.285938 0.421090 0.370047 0.415033 0.441935 0.404510 0.369793 0.591621 0.303718 0.164246 0.463127 0.547263 0.523062 0.527945 0.701618 0.379464 0.196229 0.253451 0.546461 0.591357 0.523263 0.507254 0.469776 0.379858 0.203717 0.313984 0.462851 0.330860 0.216535 0.279684 0.124635 0.135630 0.245753 0.365526 0.337251 0.442484 0.455873 0.262833 0.430975 0.413605 0.615582 0.483218 0.330465 0.567102 0.547118 0.541373 0.524494 0.487445 0.336221 0.298202 0.412844 0.368607 0.384406 0.372733 0.384776 
0.101009 0.044819 0.389268 0.418608 0.502911 0.584087 0.542711 0.345258 0.392125 0.437548 0.319450 0.346658 0.353746 0.352640 0.299484 0.287999 0.400188 0.303199 0.097799 0.354353 0.541968 0.498018 0.537068 0.462911 0.275977 0.309420 0.146239 0.326037 0.619996 0.480718 0.345504 0.399631 0.201325 0.215197 0.308738 0.433596 0.444080 0.243887 0.349439 0.219004 0.102429 0.250280 0.411269 0.425322 0.502418 0.383913 0.295667 0.282182 0.097173 0.115069 0.470004 0.344745 0.253940 0.127687 0.119449 0.224045 0.352675 0.368752 0.276959 0.162971 0.185726 0.192727 0.244712 0.422790 
0.016882 0.190415 0.419221 0.249275 0.380699 0.591531 0.404419 0.502727 0.468713 0.393812 0.357535 0.398473 0.343588 0.241625 0.246919 0.255013 0.274865 0.292895 0.217021 0.305354 0.527369 0.567664 0.479755 0.421772 0.335359 0.213181 0.175823 0.188342 0.277262 0.419025 0.442718 0.332023 0.242754 0.297515 0.249050 0.320283 0.456599 0.417308 0.246679 0.187952 0.117147 0.157617 0.457944 0.429647 0.444070 0.404832 0.266600 0.282886 0.207344 0.232241 0.344364 0.532974 0.327680 0.127168 0.220163 0.184144 0.260138 0.424366 0.391905 0.220914 0.208648 0.326628 0.258174 0.515286 
0.123105 0.136423 0.365237 0.259329 0.375176 0.642764 0.369463 0.490126 0.413427 0.297237 0.453479 0.370095 0.312057 0.309646 0.289062 0.380662 0.177608 0.164890 0.198871 0.214462 0.356087 0.583654 0.460461 0.289044 0.193948 0.235542 0.318548 0.193030 0.170057 0.456989 0.423369 0.412451 0.305602 0.418454 0.290802 0.221886 0.225247 0.249951 0.166055 0.208849 0.166009 0.265916 0.431071 0.380153 0.423965 0.501986 0.298366 0.308455 0.191390 0.159491 0.134629 0.464290 0.250219 0.225769 0.245872 0.176796 0.102121 0.342113 0.345011 0.192442 0.187088 0.336127 0.368388 0.562787 
0.110834 0.255073 0.284516 0.254965 0.369757 0.520574 0.292863 0.488288 0.437058 0.310723 0.477603 0.351669 0.296971 0.398782 0.268338 0.291327 0.241521 0.162951 0.119970 0.213801 0.252024 0.394659 0.458332 0.200714 0.186402 0.213270 0.157388 0.193698 0.212974 0.381137 0.287363 0.418211 0.321293 0.293422 0.220066 0.298739 0.357049 0.269325 0.192775 0.304885 0.137680 0.299419 0.373168 0.407212 0.497401 0.498442 0.356508 0.310956 0.231818 0.136982 0.188349 0.414809 0.292595 0.270484 0.250362 0.297241 0.228696 0.269193 0.330774 0.119540 0.317573 0.324366 0.527928 0.629410 
0.119374 0.183185 0.312326 0.184328 0.349638 0.408492 0.294540 0.400275 0.431823 0.317030 0.395960 0.320555 0.332901 0.301316 0.301794 0.397940 0.203188 0.224454 0.347086 0.436581 0.385730 0.284403 0.181323 0.329848 0.228247 0.191536 0.164191 0.152836 0.290675 0.430103 0.237666 0.260900 0.438516 0.248879 0.307918 0.223787 0.224087 0.267592 0.236099 0.201993 0.094672 0.394211 0.401674 0.350054 0.494536 0.463699 0.355232 0.256957 0.193955 0.162651 0.211975 0.474161 0.262410 0.292067 0.312880 0.302043 0.321337 0.423766 0.305518 0.214339 0.447189 0.504933 0.555660 0.689060 
0.166697 0.215508 0.239720 0.323964 0.439564 0.438748 0.316229 0.366378 0.417233 0.351619 0.341036 0.283800 0.391011 0.301117 0.280239 0.402213 0.265566 0.515232 0.446564 0.454623 0.627362 0.246407 0.069657 0.292011 0.223978 0.385192 0.228093 0.114151 0.322233 0.423791 0.254384 0.162311 0.330935 0.327143 0.189816 0.171358 0.198127 0.239090 0.338489 0.229408 0.130218 0.363806 0.282983 0.347400 0.473108 0.339774 0.308704 0.200434 0.212835 0.246834 0.311075 0.487601 0.304289 0.244310 0.240290 0.391715 0.457864 0.429750 0.161211 0.211101 0.669622 0.603415 0.552747 0.804550 
0.208322 0.179016 0.250168 0.314776 0.418807 0.428048 0.194758 0.358588 0.484561 0.289798 0.328313 0.282714 0.280621 0.312222 0.287532 0.393605 0.444851 0.357776 0.461801 0.538033 0.409381 0.220927 0.102781 0.102054 0.297758 0.422586 0.206175 0.086907 0.168375 0.273541 0.198199 0.178303 0.292288 0.268341 0.144832 0.225860 0.289779 0.297241 0.215433 0.152132 0.143104 0.258938 0.195878 0.179693 0.353217 0.463219 0.329819 0.235884 0.192307 0.209291 0.357609 0.583868 0.267894 0.162545 0.365069 0.436704 0.496372 0.474347 0.192748 0.228709 0.661511 0.565869 0.742376 0.672639 
0.148550 0.250983 0.355650 0.369339 0.361620 0.458961 0.169882 0.280431 0.512294 0.246090 0.460875 0.362612 0.291990 0.314047 0.272511 0.366775 0.265408 0.212002 0.427833 0.499691 0.309468 0.196727 0.096633 0.125635 0.257664 0.284197 0.130358 0.133006 0.279052 0.287226 0.163371 0.212157 0.344539 0.364487 0.289962 0.193176 0.101738 0.226039 0.222866 0.124516 0.232940 0.348195 0.269732 0.226502 0.455273 0.461826 0.326059 0.183386 0.171126 0.278787 0.457334 0.520336 0.246005 0.109308 0.343132 0.544534 0.625692 0.422608 0.206273 0.177862 0.425541 0.731249 0.875152 0.698092 
0.194248 0.159394 0.337503 0.289112 0.324654 0.309064 0.144743 0.117682 0.372027 0.686739 0.470809 0.289173 0.371673 0.568183 0.508400 0.392735 0.237028 0.297989 0.312674 0.424787 0.365445 0.225483 0.092001 0.253600 0.178783 0.096234 0.155773 0.265456 0.362129 0.226934 0.195837 0.217746 0.252472 0.292522 0.269987 0.149844 0.125245 0.106925 0.210404 0.311755 0.261927 0.290179 0.148776 0.158044 0.352146 0.294959 0.264849 0.241342 0.297489 0.297338 0.478429 0.513570 0.367138 0.175932 0.371976 0.485632 0.452796 0.369862 0.338037 0.266070 0.361136 0.627518 0.627990 0.617163 
0.181663 0.165374 0.187008 0.343518 0.200055 0.119134 0.092100 0.084254 0.342788 0.535373 0.461314 0.306738 0.292658 0.375848 0.424531 0.309358 0.262976 0.274546 0.285405 0.355375 0.284680 0.176432 0.183648 0.227207 0.259813 0.380364 0.436720 0.494397 0.264310 0.218738 0.145790 0.187264 0.222658 0.147256 0.205744 0.111115 0.152921 0.176042 0.240619 0.303313 0.353575 0.251184 0.151832 0.125232 0.386953 0.405447 0.262676 0.388042 0.672605 0.634922 0.451714 0.282746 0.233365 0.168492 0.228191 0.359664 0.367408 0.281748 0.287245 0.227703 0.213623 0.335301 0.249286 0.301574 
0.162851 0.105067 0.260507 0.432889 0.261154 0.176657 0.178937 0.224703 0.189237 0.236798 0.377733 0.348424 0.291366 0.342478 0.353841 0.295167 0.188426 0.301867 0.237329 0.276047 0.236403 0.274850 0.177343 0.196382 0.302598 0.476518 0.435127 0.299270 0.477904 0.294033 0.209939 0.313715 0.195526 0.153192 0.140116 0.207800 0.178795 0.159595 0.217095 0.263650 0.283641 0.174555 0.201292 0.227021 0.146326 0.454689 0.398250 0.568686 0.734633 0.544722 0.349288 0.209885 0.217536 0.475603 0.505148 0.456215 0.398823 0.279525 0.202188 0.134231 0.335051 0.443695 0.464882 0.455872 
0.086191 0.097419 0.192136 0.261831 0.281840 0.241550 0.071736 0.097809 0.139932 0.398947 0.403952 0.315235 0.259611 0.292212 0.335721 0.330068 0.271628 0.335864 0.319259 0.288790 0.185877 0.118239 0.167134 0.159399 0.188398 0.374942 0.342539 0.185319 0.310897 0.204077 0.374820 0.415913 0.095506 0.128158 0.111058 0.099879 0.183523 0.232586 0.173064 0.284341 0.285412 0.153587 0.176846 0.255403 0.287936 0.282093 0.247023 0.734954 0.824722 0.308373 0.235779 0.150923 0.629243 0.946547 0.725512 0.406546 0.285101 0.271823 0.223528 0.256640 0.485273 0.624742 0.583825 0.540447 
0.133309 0.117751 0.135970 0.101810 0.114362 0.207158 0.185638 0.052348 0.325462 0.273456 0.336752 0.340969 0.309430 0.305430 0.396287 0.267632 0.287741 0.361899 0.225551 0.217163 0.193642 0.207951 0.157712 0.210304 0.218939 0.303409 0.467790 0.279909 0.194689 0.234003 0.377970 0.256898 0.074537 0.122687 0.190231 0.105903 0.185803 0.132235 0.378690 0.546530 0.366461 0.228833 0.189118 0.273616 0.472034 0.209597 0.406285 0.829740 0.792707 0.351176 0.125353 0.324175 0.843047 0.869078 0.455098 0.267176 0.204480 0.226072 0.279732 0.449156 0.629105 0.732674 0.496231 0.380514 
0.105142 0.167713 0.099680 0.114661 0.084623 0.116413 0.204047 0.135941 0.198676 0.156487 0.331971 0.382441 0.397138 0.274695 0.306788 0.244135 0.298614 0.214180 0.290474 0.319001 0.250718 0.254870 0.201004 0.217735 0.281734 0.385454 0.479148 0.279145 0.249379 0.321705 0.334673 0.156417 0.123307 0.152329 0.164923 0.129684 0.149786 0.100036 0.271225 0.314041 0.256024 0.290388 0.348768 0.342976 0.222121 0.320965 0.502393 0.589342 0.911143 0.366612 0.014052 0.615429 0.983046 0.623074 0.311610 0.276590 0.161000 0.264910 0.528525 0.524861 0.533265 0.736815 0.610412 0.303794 
0.127264 0.076659 0.103647 0.154193 0.135979 0.093331 0.156862 0.149650 0.238722 0.196106 0.248017 0.420339 0.418016 0.323817 0.265358 0.249606 0.247835 0.285096 0.351356 0.393075 0.334608 0.382150 0.399511 0.340897 0.434241 0.419246 0.319089 0.279214 0.431742 0.375715 0.312487 0.205855 0.181688 0.152645 0.147065 0.179586 0.171994 0.209296 0.175660 0.136882 0.233594 0.548927 0.382257 0.394537 0.307815 0.403767 0.262298 0.197617 0.904640 0.467338 0.059435 0.456378 0.806089 0.562293 0.230040 0.277173 0.144199 0.421759 0.820147 0.918175 0.953085 0.717265 0.401340 0.376671 
